75	11	180000	18000
5
0	40		40		-1		-1	1	/	0	
1	22		22		2250		2	0	3	/	3	
2	36		26		1500		3	0	2	/	2	
3	21		45		1607		3	0	1	2	5	/	18	
4	45		35		200		3	0	1	4	/	8	
5	55		20		400		1	0	4	/	4	
6	33		34		1607		3	0	1	3	5	/	20	
7	50		50		1633		3	0	2	4	/	11	
8	55		45		1673		3	0	2	4	5	/	24	
9	26		59		3040		3	0	2	3	5	/	23	
10	40		66		107		3	0	1	5	/	9	
11	55		65		400		1	0	4	/	4	
12	35		51		67		3	0	1	/	1	
13	62		35		200		3	0	1	4	/	8	
14	62		57		2310		2	0	3	5	/	14	
15	62		24		120		1	0	5	/	5	
16	21		36		1567		3	0	1	3	/	7	
17	33		44		1500		3	0	2	/	2	
18	9		56		400		1	0	4	/	4	
19	62		48		1567		3	0	1	3	/	7	
20	66		14		1500		3	0	2	/	2	
21	44		13		1500		3	0	2	/	2	
22	26		13		400		1	0	4	/	4	
23	11		28		3067		3	0	1	2	3	/	16	
24	7		43		120		1	0	5	/	5	
25	17		64		3000		3	0	2	3	/	10	
26	41		46		1700		3	0	1	2	4	/	17	
27	55		34		1500		3	0	2	/	2	
28	35		16		67		3	0	1	/	1	
29	52		26		120		1	0	5	/	5	
30	43		26		1700		3	0	1	2	4	/	17	
31	31		76		1567		3	0	1	3	/	7	
32	22		53		1673		3	0	2	4	5	/	24	
33	26		29		2310		2	0	3	5	/	14	
34	50		40		2250		2	0	3	/	3	
35	55		50		2250		2	0	3	/	3	
36	54		10		400		1	0	4	/	4	
37	60		15		107		3	0	1	5	/	9	
38	47		66		2450		2	0	3	4	/	13	
39	30		60		67		3	0	1	/	1	
40	30		50		1633		3	0	2	4	/	11	
41	12		17		2450		2	0	3	4	/	13	
42	15		14		1500		3	0	2	/	2	
43	16		19		2250		2	0	3	/	3	
44	21		48		1540		3	0	2	5	/	12	
45	50		30		67		3	0	1	/	1	
46	51		42		120		1	0	5	/	5	
47	50		15		1607		3	0	1	3	5	/	20	
48	48		21		1607		3	0	1	2	5	/	18	
49	12		38		1700		3	0	1	3	4	/	19	
50	15		56		1500		3	0	2	/	2	
51	29		39		520		1	0	4	5	/	15	
52	54		38		107		3	0	1	5	/	9	
53	55		57		2510		2	0	3	4	5	/	25	
54	67		41		1500		3	0	2	/	2	
55	10		70		2510		2	0	3	4	5	/	25	
56	6		25		107		3	0	1	5	/	9	
57	65		27		1500		3	0	2	/	2	
58	40		60		67		3	0	1	/	1	
59	70		64		2250		2	0	3	/	3	
60	64		4		107		3	0	1	5	/	9	
61	36		6		67		3	0	1	/	1	
62	30		20		3067		3	0	1	2	3	/	16	
63	20		30		120		1	0	5	/	5	
64	15		5		1633		3	0	2	4	/	11	
65	50		70		400		1	0	4	/	4	
66	57		72		400		1	0	4	/	4	
67	45		42		120		1	0	5	/	5	
68	38		33		1700		3	0	1	3	4	/	19	
69	50		4		1540		3	0	2	5	/	12	
70	66		8		240		3	0	1	4	5	/	21	
71	59		5		1607		3	0	1	2	5	/	18	
72	35		60		400		1	0	4	/	4	
73	27		24		1500		3	0	2	/	2	
74	40		20		3000		3	0	2	3	/	10	
75	40		37		200		3	0	1	4	/	8	
76	55.8709		38.6182		-1		-1	1	/	0	
77	63.4318		55.9447		-1		-1	1	/	0	
78	36.5386		53.1661		-1		-1	1	/	0	
79	53.2653		75.5568		-1		-1	1	/	0	
80	29.883		11.6832		-1		-1	1	/	0	
81	68.2902		70.0503		-1		-1	1	/	0	
82	11.2209		44.7962		-1		-1	1	/	0	
83	68.0805		23.8768		-1		-1	1	/	0	
84	16.1816		25.2933		-1		-1	1	/	0	
85	47.8406		64.9813		-1		-1	1	/	0	
