75	11	180000	18000
5
0	40		40		-1		-1	1	/	0	
1	22		22		240		3	0	1	4	5	/	21	
2	36		26		1633		3	0	2	4	/	11	
3	21		45		67		3	0	1	/	1	
4	45		35		107		3	0	1	5	/	9	
5	55		20		1700		3	0	1	2	4	/	17	
6	33		34		200		3	0	1	4	/	8	
7	50		50		2510		2	0	3	4	5	/	25	
8	55		45		400		1	0	4	/	4	
9	26		59		3067		3	0	1	2	3	/	16	
10	40		66		67		3	0	1	/	1	
11	55		65		2310		2	0	3	5	/	14	
12	35		51		1607		3	0	1	3	5	/	20	
13	62		35		107		3	0	1	5	/	9	
14	62		57		120		1	0	5	/	5	
15	62		24		2450		2	0	3	4	/	13	
16	21		36		1540		3	0	2	5	/	12	
17	33		44		2250		2	0	3	/	3	
18	9		56		3067		3	0	1	2	3	/	16	
19	62		48		240		3	0	1	4	5	/	21	
20	66		14		120		1	0	5	/	5	
21	44		13		120		1	0	5	/	5	
22	26		13		400		1	0	4	/	4	
23	11		28		520		1	0	4	5	/	15	
24	7		43		1500		3	0	2	/	2	
25	17		64		1633		3	0	2	4	/	11	
26	41		46		520		1	0	4	5	/	15	
27	55		34		2250		2	0	3	/	3	
28	35		16		3000		3	0	2	3	/	10	
29	52		26		1500		3	0	2	/	2	
30	43		26		1567		3	0	1	3	/	7	
31	31		76		1673		3	0	2	4	5	/	24	
32	22		53		1607		3	0	1	2	5	/	18	
33	26		29		67		3	0	1	/	1	
34	50		40		3000		3	0	2	3	/	10	
35	55		50		120		1	0	5	/	5	
36	54		10		1500		3	0	2	/	2	
37	60		15		3000		3	0	2	3	/	10	
38	47		66		107		3	0	1	5	/	9	
39	30		60		1540		3	0	2	5	/	12	
40	30		50		200		3	0	1	4	/	8	
41	12		17		400		1	0	4	/	4	
42	15		14		120		1	0	5	/	5	
43	16		19		1500		3	0	2	/	2	
44	21		48		2450		2	0	3	4	/	13	
45	50		30		120		1	0	5	/	5	
46	51		42		1700		3	0	1	3	4	/	19	
47	50		15		1500		3	0	2	/	2	
48	48		21		3067		3	0	1	2	3	/	16	
49	12		38		200		3	0	1	4	/	8	
50	15		56		2310		2	0	3	5	/	14	
51	29		39		3040		3	0	2	3	5	/	23	
52	54		38		1567		3	0	1	2	/	6	
53	55		57		3067		3	0	1	2	3	/	16	
54	67		41		2250		2	0	3	/	3	
55	10		70		2310		2	0	3	5	/	14	
56	6		25		1633		3	0	2	4	/	11	
57	65		27		1700		3	0	1	3	4	/	19	
58	40		60		2250		2	0	3	/	3	
59	70		64		1633		3	0	2	4	/	11	
60	64		4		3133		3	0	2	3	4	/	22	
61	36		6		120		1	0	5	/	5	
62	30		20		520		1	0	4	5	/	15	
63	20		30		67		3	0	1	/	1	
64	15		5		2250		2	0	3	/	3	
65	50		70		1567		3	0	1	2	/	6	
66	57		72		67		3	0	1	/	1	
67	45		42		120		1	0	5	/	5	
68	38		33		67		3	0	1	/	1	
69	50		4		1567		3	0	1	3	/	7	
70	66		8		1567		3	0	1	2	/	6	
71	59		5		67		3	0	1	/	1	
72	35		60		2250		2	0	3	/	3	
73	27		24		2250		2	0	3	/	3	
74	40		20		1607		3	0	1	2	5	/	18	
75	40		37		67		3	0	1	/	1	
76	55.7636		73.0065		-1		-1	1	/	0	
77	29.6851		51.6378		-1		-1	1	/	0	
78	49.7548		52.2474		-1		-1	1	/	0	
79	51.3131		24.1377		-1		-1	1	/	0	
80	64.7844		19.1093		-1		-1	1	/	0	
81	29.7397		64.2162		-1		-1	1	/	0	
82	44.6802		15.7533		-1		-1	1	/	0	
83	62.8302		41.4786		-1		-1	1	/	0	
84	8.40433		71.0738		-1		-1	1	/	0	
85	37.4678		59.6117		-1		-1	1	/	0	
