75	11	180000	18000
5
0	40		40		-1		-1	1	/	0	
1	22		22		1607		3	0	1	3	5	/	20	
2	36		26		2510		2	0	3	4	5	/	25	
3	21		45		240		3	0	1	4	5	/	21	
4	45		35		3040		3	0	2	3	5	/	23	
5	55		20		3067		3	0	1	2	3	/	16	
6	33		34		3000		3	0	2	3	/	10	
7	50		50		1607		3	0	1	2	5	/	18	
8	55		45		2250		2	0	3	/	3	
9	26		59		1633		3	0	2	4	/	11	
10	40		66		67		3	0	1	/	1	
11	55		65		1540		3	0	2	5	/	12	
12	35		51		200		3	0	1	4	/	8	
13	62		35		1700		3	0	1	2	4	/	17	
14	62		57		2250		2	0	3	/	3	
15	62		24		67		3	0	1	/	1	
16	21		36		1567		3	0	1	3	/	7	
17	33		44		1700		3	0	1	3	4	/	19	
18	9		56		120		1	0	5	/	5	
19	62		48		2250		2	0	3	/	3	
20	66		14		240		3	0	1	4	5	/	21	
21	44		13		3133		3	0	2	3	4	/	22	
22	26		13		1567		3	0	1	3	/	7	
23	11		28		400		1	0	4	/	4	
24	7		43		2250		2	0	3	/	3	
25	17		64		120		1	0	5	/	5	
26	41		46		2450		2	0	3	4	/	13	
27	55		34		1700		3	0	1	3	4	/	19	
28	35		16		2450		2	0	3	4	/	13	
29	52		26		120		1	0	5	/	5	
30	43		26		2250		2	0	3	/	3	
31	31		76		2450		2	0	3	4	/	13	
32	22		53		1700		3	0	1	2	4	/	17	
33	26		29		1567		3	0	1	2	/	6	
34	50		40		3000		3	0	2	3	/	10	
35	55		50		1567		3	0	1	3	/	7	
36	54		10		1567		3	0	1	3	/	7	
37	60		15		400		1	0	4	/	4	
38	47		66		2450		2	0	3	4	/	13	
39	30		60		200		3	0	1	4	/	8	
40	30		50		2450		2	0	3	4	/	13	
41	12		17		3000		3	0	2	3	/	10	
42	15		14		2510		2	0	3	4	5	/	25	
43	16		19		3000		3	0	2	3	/	10	
44	21		48		107		3	0	1	5	/	9	
45	50		30		1500		3	0	2	/	2	
46	51		42		1700		3	0	1	3	4	/	19	
47	50		15		1633		3	0	2	4	/	11	
48	48		21		67		3	0	1	/	1	
49	12		38		1700		3	0	1	2	4	/	17	
50	15		56		3040		3	0	2	3	5	/	23	
51	29		39		1700		3	0	1	3	4	/	19	
52	54		38		1500		3	0	2	/	2	
53	55		57		107		3	0	1	5	/	9	
54	67		41		1673		3	0	2	4	5	/	24	
55	10		70		2510		2	0	3	4	5	/	25	
56	6		25		3040		3	0	2	3	5	/	23	
57	65		27		1500		3	0	2	/	2	
58	40		60		1633		3	0	2	4	/	11	
59	70		64		67		3	0	1	/	1	
60	64		4		200		3	0	1	4	/	8	
61	36		6		107		3	0	1	5	/	9	
62	30		20		67		3	0	1	/	1	
63	20		30		3133		3	0	2	3	4	/	22	
64	15		5		2250		2	0	3	/	3	
65	50		70		1633		3	0	2	4	/	11	
66	57		72		2250		2	0	3	/	3	
67	45		42		67		3	0	1	/	1	
68	38		33		2510		2	0	3	4	5	/	25	
69	50		4		120		1	0	5	/	5	
70	66		8		1500		3	0	2	/	2	
71	59		5		3133		3	0	2	3	4	/	22	
72	35		60		2450		2	0	3	4	/	13	
73	27		24		67		3	0	1	/	1	
74	40		20		1673		3	0	2	4	5	/	24	
75	40		37		1607		3	0	1	3	5	/	20	
76	29.4178		68.7361		-1		-1	1	/	0	
77	43.9601		13.2334		-1		-1	1	/	0	
78	44.3349		53.9202		-1		-1	1	/	0	
79	68.5366		26.6346		-1		-1	1	/	0	
80	50.3941		43.1482		-1		-1	1	/	0	
81	43.2486		58.9027		-1		-1	1	/	0	
82	57.9673		10.8964		-1		-1	1	/	0	
83	40.4481		19.9674		-1		-1	1	/	0	
84	22.5671		66.3133		-1		-1	1	/	0	
85	56.6739		24.5785		-1		-1	1	/	0	
