100	15	180000	18000
5
0	35		35		-1		-1	1	/	0	
1	41		49		400		1	0	4	/	4	
2	35		17		120		1	0	5	/	5	
3	55		45		107		3	0	1	5	/	9	
4	55		20		67		3	0	1	/	1	
5	15		30		67		3	0	1	/	1	
6	25		30		520		1	0	4	5	/	15	
7	20		50		2450		2	0	3	4	/	13	
8	10		43		120		1	0	5	/	5	
9	55		60		2250		2	0	3	/	3	
10	30		60		1500		3	0	2	/	2	
11	20		65		107		3	0	1	5	/	9	
12	50		35		520		1	0	4	5	/	15	
13	30		25		67		3	0	1	/	1	
14	15		10		1673		3	0	2	4	5	/	24	
15	30		5		3133		3	0	2	3	4	/	22	
16	10		20		67		3	0	1	/	1	
17	5		30		240		3	0	1	4	5	/	21	
18	20		40		1700		3	0	1	3	4	/	19	
19	15		60		520		1	0	4	5	/	15	
20	45		65		1540		3	0	2	5	/	12	
21	45		20		1500		3	0	2	/	2	
22	45		10		200		3	0	1	4	/	8	
23	55		5		107		3	0	1	5	/	9	
24	65		35		2310		2	0	3	5	/	14	
25	65		20		2250		2	0	3	/	3	
26	45		30		2510		2	0	3	4	5	/	25	
27	35		40		3067		3	0	1	2	3	/	16	
28	41		37		240		3	0	1	4	5	/	21	
29	64		42		1700		3	0	1	3	4	/	19	
30	40		60		1607		3	0	1	3	5	/	20	
31	31		52		120		1	0	5	/	5	
32	35		69		120		1	0	5	/	5	
33	53		52		2510		2	0	3	4	5	/	25	
34	65		55		3040		3	0	2	3	5	/	23	
35	63		65		1567		3	0	1	2	/	6	
36	2		60		2510		2	0	3	4	5	/	25	
37	20		20		1673		3	0	2	4	5	/	24	
38	5		5		2310		2	0	3	5	/	14	
39	60		12		240		3	0	1	4	5	/	21	
40	40		25		3067		3	0	1	2	3	/	16	
41	42		7		120		1	0	5	/	5	
42	24		12		2250		2	0	3	/	3	
43	23		3		107		3	0	1	5	/	9	
44	11		14		2250		2	0	3	/	3	
45	6		38		67		3	0	1	/	1	
46	2		48		1633		3	0	2	4	/	11	
47	8		56		400		1	0	4	/	4	
48	13		52		120		1	0	5	/	5	
49	6		68		1700		3	0	1	2	4	/	17	
50	47		47		1567		3	0	1	3	/	7	
51	49		58		3067		3	0	1	2	3	/	16	
52	27		43		3133		3	0	2	3	4	/	22	
53	37		31		1567		3	0	1	2	/	6	
54	57		29		67		3	0	1	/	1	
55	63		23		1673		3	0	2	4	5	/	24	
56	53		12		120		1	0	5	/	5	
57	32		12		2250		2	0	3	/	3	
58	36		26		3040		3	0	2	3	5	/	23	
59	21		24		1607		3	0	1	2	5	/	18	
60	17		34		67		3	0	1	/	1	
61	12		24		107		3	0	1	5	/	9	
62	24		58		120		1	0	5	/	5	
63	27		69		1700		3	0	1	2	4	/	17	
64	15		77		2510		2	0	3	4	5	/	25	
65	62		77		2310		2	0	3	5	/	14	
66	49		73		1607		3	0	1	3	5	/	20	
67	67		5		67		3	0	1	/	1	
68	56		39		1673		3	0	2	4	5	/	24	
69	37		47		240		3	0	1	4	5	/	21	
70	37		56		1700		3	0	1	3	4	/	19	
71	57		68		120		1	0	5	/	5	
72	47		16		200		3	0	1	4	/	8	
73	44		17		1633		3	0	2	4	/	11	
74	46		13		107		3	0	1	5	/	9	
75	49		11		1700		3	0	1	3	4	/	19	
76	49		42		3067		3	0	1	2	3	/	16	
77	53		43		1700		3	0	1	3	4	/	19	
78	61		52		1700		3	0	1	3	4	/	19	
79	57		48		400		1	0	4	/	4	
80	56		37		2510		2	0	3	4	5	/	25	
81	55		54		1607		3	0	1	3	5	/	20	
82	15		47		67		3	0	1	/	1	
83	14		37		240		3	0	1	4	5	/	21	
84	11		31		2250		2	0	3	/	3	
85	16		22		67		3	0	1	/	1	
86	4		18		1700		3	0	1	3	4	/	19	
87	28		18		3000		3	0	2	3	/	10	
88	26		52		1607		3	0	1	3	5	/	20	
89	26		35		1607		3	0	1	3	5	/	20	
90	31		67		3000		3	0	2	3	/	10	
91	15		19		1673		3	0	2	4	5	/	24	
92	22		22		400		1	0	4	/	4	
93	18		24		520		1	0	4	5	/	15	
94	26		27		1633		3	0	2	4	/	11	
95	25		24		1673		3	0	2	4	5	/	24	
96	22		27		240		3	0	1	4	5	/	21	
97	25		21		400		1	0	4	/	4	
98	19		21		1700		3	0	1	2	4	/	17	
99	20		26		67		3	0	1	/	1	
100	18		18		400		1	0	4	/	4	
101	49.8361		56.052		-1		-1	1	/	0	
102	45.0864		52.1782		-1		-1	1	/	0	
103	37.9074		34.2245		-1		-1	1	/	0	
104	6.62478		74.4273		-1		-1	1	/	0	
105	41.6562		6.62131		-1		-1	1	/	0	
106	2.23124		32.3581		-1		-1	1	/	0	
107	41.1801		75.58		-1		-1	1	/	0	
108	15.3731		33.4987		-1		-1	1	/	0	
109	65.4055		20.0713		-1		-1	1	/	0	
110	52.1313		29.1838		-1		-1	1	/	0	
111	24.2484		53.311		-1		-1	1	/	0	
112	64.7847		19.0567		-1		-1	1	/	0	
113	59.5099		71.9351		-1		-1	1	/	0	
114	5.46684		14.2509		-1		-1	1	/	0	
