100	15	180000	18000
5
0	35		35		-1		-1	1	/	0	
1	41		49		240		3	0	1	4	5	/	21	
2	35		17		107		3	0	1	5	/	9	
3	55		45		1567		3	0	1	2	/	6	
4	55		20		400		1	0	4	/	4	
5	15		30		3067		3	0	1	2	3	/	16	
6	25		30		2510		2	0	3	4	5	/	25	
7	20		50		120		1	0	5	/	5	
8	10		43		2510		2	0	3	4	5	/	25	
9	55		60		1673		3	0	2	4	5	/	24	
10	30		60		2250		2	0	3	/	3	
11	20		65		520		1	0	4	5	/	15	
12	50		35		1633		3	0	2	4	/	11	
13	30		25		67		3	0	1	/	1	
14	15		10		120		1	0	5	/	5	
15	30		5		1567		3	0	1	2	/	6	
16	10		20		107		3	0	1	5	/	9	
17	5		30		1500		3	0	2	/	2	
18	20		40		2450		2	0	3	4	/	13	
19	15		60		1673		3	0	2	4	5	/	24	
20	45		65		2250		2	0	3	/	3	
21	45		20		2250		2	0	3	/	3	
22	45		10		2250		2	0	3	/	3	
23	55		5		2250		2	0	3	/	3	
24	65		35		1633		3	0	2	4	/	11	
25	65		20		120		1	0	5	/	5	
26	45		30		67		3	0	1	/	1	
27	35		40		67		3	0	1	/	1	
28	41		37		107		3	0	1	5	/	9	
29	64		42		2510		2	0	3	4	5	/	25	
30	40		60		400		1	0	4	/	4	
31	31		52		2510		2	0	3	4	5	/	25	
32	35		69		2450		2	0	3	4	/	13	
33	53		52		3000		3	0	2	3	/	10	
34	65		55		67		3	0	1	/	1	
35	63		65		1540		3	0	2	5	/	12	
36	2		60		67		3	0	1	/	1	
37	20		20		1567		3	0	1	3	/	7	
38	5		5		67		3	0	1	/	1	
39	60		12		1607		3	0	1	3	5	/	20	
40	40		25		400		1	0	4	/	4	
41	42		7		1567		3	0	1	3	/	7	
42	24		12		2510		2	0	3	4	5	/	25	
43	23		3		2250		2	0	3	/	3	
44	11		14		1567		3	0	1	2	/	6	
45	6		38		3133		3	0	2	3	4	/	22	
46	2		48		67		3	0	1	/	1	
47	8		56		67		3	0	1	/	1	
48	13		52		1700		3	0	1	3	4	/	19	
49	6		68		400		1	0	4	/	4	
50	47		47		2510		2	0	3	4	5	/	25	
51	49		58		107		3	0	1	5	/	9	
52	27		43		3000		3	0	2	3	/	10	
53	37		31		2450		2	0	3	4	/	13	
54	57		29		1700		3	0	1	3	4	/	19	
55	63		23		67		3	0	1	/	1	
56	53		12		240		3	0	1	4	5	/	21	
57	32		12		1700		3	0	1	3	4	/	19	
58	36		26		2450		2	0	3	4	/	13	
59	21		24		2450		2	0	3	4	/	13	
60	17		34		1540		3	0	2	5	/	12	
61	12		24		400		1	0	4	/	4	
62	24		58		2250		2	0	3	/	3	
63	27		69		107		3	0	1	5	/	9	
64	15		77		1700		3	0	1	3	4	/	19	
65	62		77		200		3	0	1	4	/	8	
66	49		73		2250		2	0	3	/	3	
67	67		5		1540		3	0	2	5	/	12	
68	56		39		1633		3	0	2	4	/	11	
69	37		47		1607		3	0	1	2	5	/	18	
70	37		56		2510		2	0	3	4	5	/	25	
71	57		68		240		3	0	1	4	5	/	21	
72	47		16		1500		3	0	2	/	2	
73	44		17		120		1	0	5	/	5	
74	46		13		1633		3	0	2	4	/	11	
75	49		11		2450		2	0	3	4	/	13	
76	49		42		120		1	0	5	/	5	
77	53		43		1700		3	0	1	2	4	/	17	
78	61		52		1567		3	0	1	3	/	7	
79	57		48		120		1	0	5	/	5	
80	56		37		2250		2	0	3	/	3	
81	55		54		120		1	0	5	/	5	
82	15		47		1567		3	0	1	3	/	7	
83	14		37		67		3	0	1	/	1	
84	11		31		400		1	0	4	/	4	
85	16		22		1607		3	0	1	2	5	/	18	
86	4		18		1540		3	0	2	5	/	12	
87	28		18		120		1	0	5	/	5	
88	26		52		1700		3	0	1	2	4	/	17	
89	26		35		2250		2	0	3	/	3	
90	31		67		1540		3	0	2	5	/	12	
91	15		19		2250		2	0	3	/	3	
92	22		22		1633		3	0	2	4	/	11	
93	18		24		1700		3	0	1	3	4	/	19	
94	26		27		2450		2	0	3	4	/	13	
95	25		24		2250		2	0	3	/	3	
96	22		27		3000		3	0	2	3	/	10	
97	25		21		2250		2	0	3	/	3	
98	19		21		240		3	0	1	4	5	/	21	
99	20		26		120		1	0	5	/	5	
100	18		18		2250		2	0	3	/	3	
101	40.9084		6.80267		-1		-1	1	/	0	
102	29.0223		45.1311		-1		-1	1	/	0	
103	53.2867		42.6913		-1		-1	1	/	0	
104	7.9917		44.5358		-1		-1	1	/	0	
105	27.4873		9.49468		-1		-1	1	/	0	
106	56.6415		37.9856		-1		-1	1	/	0	
107	62.5709		57.0942		-1		-1	1	/	0	
108	47.4241		66.4438		-1		-1	1	/	0	
109	36.4728		68.9593		-1		-1	1	/	0	
110	65.9376		61.4242		-1		-1	1	/	0	
111	39.4623		34.4966		-1		-1	1	/	0	
112	42.0283		29.1001		-1		-1	1	/	0	
113	2.41717		55.4276		-1		-1	1	/	0	
114	61.7819		56.3626		-1		-1	1	/	0	
