100	15	180000	18000
5
0	35		35		-1		-1	1	/	0	
1	41		49		1567		3	0	1	2	/	6	
2	35		17		67		3	0	1	/	1	
3	55		45		2250		2	0	3	/	3	
4	55		20		1567		3	0	1	2	/	6	
5	15		30		3133		3	0	2	3	4	/	22	
6	25		30		1500		3	0	2	/	2	
7	20		50		1700		3	0	1	3	4	/	19	
8	10		43		520		1	0	4	5	/	15	
9	55		60		3067		3	0	1	2	3	/	16	
10	30		60		3133		3	0	2	3	4	/	22	
11	20		65		1700		3	0	1	2	4	/	17	
12	50		35		120		1	0	5	/	5	
13	30		25		240		3	0	1	4	5	/	21	
14	15		10		1633		3	0	2	4	/	11	
15	30		5		2510		2	0	3	4	5	/	25	
16	10		20		200		3	0	1	4	/	8	
17	5		30		520		1	0	4	5	/	15	
18	20		40		2250		2	0	3	/	3	
19	15		60		120		1	0	5	/	5	
20	45		65		1567		3	0	1	2	/	6	
21	45		20		240		3	0	1	4	5	/	21	
22	45		10		1500		3	0	2	/	2	
23	55		5		2310		2	0	3	5	/	14	
24	65		35		3000		3	0	2	3	/	10	
25	65		20		1500		3	0	2	/	2	
26	45		30		2450		2	0	3	4	/	13	
27	35		40		3000		3	0	2	3	/	10	
28	41		37		1500		3	0	2	/	2	
29	64		42		1567		3	0	1	3	/	7	
30	40		60		1700		3	0	1	2	4	/	17	
31	31		52		107		3	0	1	5	/	9	
32	35		69		400		1	0	4	/	4	
33	53		52		1540		3	0	2	5	/	12	
34	65		55		2450		2	0	3	4	/	13	
35	63		65		1633		3	0	2	4	/	11	
36	2		60		120		1	0	5	/	5	
37	20		20		2250		2	0	3	/	3	
38	5		5		2250		2	0	3	/	3	
39	60		12		400		1	0	4	/	4	
40	40		25		120		1	0	5	/	5	
41	42		7		3000		3	0	2	3	/	10	
42	24		12		3133		3	0	2	3	4	/	22	
43	23		3		400		1	0	4	/	4	
44	11		14		200		3	0	1	4	/	8	
45	6		38		520		1	0	4	5	/	15	
46	2		48		107		3	0	1	5	/	9	
47	8		56		2250		2	0	3	/	3	
48	13		52		2450		2	0	3	4	/	13	
49	6		68		67		3	0	1	/	1	
50	47		47		1700		3	0	1	2	4	/	17	
51	49		58		240		3	0	1	4	5	/	21	
52	27		43		1700		3	0	1	2	4	/	17	
53	37		31		240		3	0	1	4	5	/	21	
54	57		29		1567		3	0	1	3	/	7	
55	63		23		120		1	0	5	/	5	
56	53		12		400		1	0	4	/	4	
57	32		12		1567		3	0	1	3	/	7	
58	36		26		1567		3	0	1	2	/	6	
59	21		24		1607		3	0	1	2	5	/	18	
60	17		34		1607		3	0	1	2	5	/	18	
61	12		24		400		1	0	4	/	4	
62	24		58		2250		2	0	3	/	3	
63	27		69		1700		3	0	1	2	4	/	17	
64	15		77		1500		3	0	2	/	2	
65	62		77		3000		3	0	2	3	/	10	
66	49		73		67		3	0	1	/	1	
67	67		5		2250		2	0	3	/	3	
68	56		39		1700		3	0	1	3	4	/	19	
69	37		47		1700		3	0	1	2	4	/	17	
70	37		56		120		1	0	5	/	5	
71	57		68		2510		2	0	3	4	5	/	25	
72	47		16		67		3	0	1	/	1	
73	44		17		200		3	0	1	4	/	8	
74	46		13		1633		3	0	2	4	/	11	
75	49		11		67		3	0	1	/	1	
76	49		42		120		1	0	5	/	5	
77	53		43		107		3	0	1	5	/	9	
78	61		52		240		3	0	1	4	5	/	21	
79	57		48		520		1	0	4	5	/	15	
80	56		37		67		3	0	1	/	1	
81	55		54		3040		3	0	2	3	5	/	23	
82	15		47		240		3	0	1	4	5	/	21	
83	14		37		1607		3	0	1	3	5	/	20	
84	11		31		2450		2	0	3	4	/	13	
85	16		22		3133		3	0	2	3	4	/	22	
86	4		18		67		3	0	1	/	1	
87	28		18		3067		3	0	1	2	3	/	16	
88	26		52		120		1	0	5	/	5	
89	26		35		120		1	0	5	/	5	
90	31		67		520		1	0	4	5	/	15	
91	15		19		400		1	0	4	/	4	
92	22		22		400		1	0	4	/	4	
93	18		24		1500		3	0	2	/	2	
94	26		27		1700		3	0	1	3	4	/	19	
95	25		24		107		3	0	1	5	/	9	
96	22		27		107		3	0	1	5	/	9	
97	25		21		2510		2	0	3	4	5	/	25	
98	19		21		520		1	0	4	5	/	15	
99	20		26		200		3	0	1	4	/	8	
100	18		18		67		3	0	1	/	1	
101	13.4075		74.9097		-1		-1	1	/	0	
102	44.0277		54.341		-1		-1	1	/	0	
103	19.0349		28.6129		-1		-1	1	/	0	
104	24.2392		76.6073		-1		-1	1	/	0	
105	47.526		3.59918		-1		-1	1	/	0	
106	53.733		58.2937		-1		-1	1	/	0	
107	57.0535		42.8939		-1		-1	1	/	0	
108	55.9158		25.2509		-1		-1	1	/	0	
109	40.5767		13.4338		-1		-1	1	/	0	
110	60.3691		44.9227		-1		-1	1	/	0	
111	2.15196		66.6931		-1		-1	1	/	0	
112	18.5678		38.2418		-1		-1	1	/	0	
113	2.50009		17.2958		-1		-1	1	/	0	
114	31.0699		22.5273		-1		-1	1	/	0	
