100	15	180000	18000
5
0	35		35		-1		-1	1	/	0	
1	41		49		2250		2	0	3	/	3	
2	35		17		1633		3	0	2	4	/	11	
3	55		45		1673		3	0	2	4	5	/	24	
4	55		20		200		3	0	1	4	/	8	
5	15		30		1633		3	0	2	4	/	11	
6	25		30		1567		3	0	1	3	/	7	
7	20		50		2450		2	0	3	4	/	13	
8	10		43		2450		2	0	3	4	/	13	
9	55		60		1500		3	0	2	/	2	
10	30		60		3000		3	0	2	3	/	10	
11	20		65		3000		3	0	2	3	/	10	
12	50		35		400		1	0	4	/	4	
13	30		25		200		3	0	1	4	/	8	
14	15		10		1500		3	0	2	/	2	
15	30		5		1700		3	0	1	3	4	/	19	
16	10		20		67		3	0	1	/	1	
17	5		30		3000		3	0	2	3	/	10	
18	20		40		3067		3	0	1	2	3	/	16	
19	15		60		240		3	0	1	4	5	/	21	
20	45		65		1700		3	0	1	3	4	/	19	
21	45		20		520		1	0	4	5	/	15	
22	45		10		3133		3	0	2	3	4	/	22	
23	55		5		3000		3	0	2	3	/	10	
24	65		35		400		1	0	4	/	4	
25	65		20		3000		3	0	2	3	/	10	
26	45		30		3040		3	0	2	3	5	/	23	
27	35		40		1633		3	0	2	4	/	11	
28	41		37		2510		2	0	3	4	5	/	25	
29	64		42		67		3	0	1	/	1	
30	40		60		3040		3	0	2	3	5	/	23	
31	31		52		3000		3	0	2	3	/	10	
32	35		69		2310		2	0	3	5	/	14	
33	53		52		400		1	0	4	/	4	
34	65		55		1567		3	0	1	3	/	7	
35	63		65		120		1	0	5	/	5	
36	2		60		2310		2	0	3	5	/	14	
37	20		20		1567		3	0	1	3	/	7	
38	5		5		120		1	0	5	/	5	
39	60		12		3133		3	0	2	3	4	/	22	
40	40		25		120		1	0	5	/	5	
41	42		7		2250		2	0	3	/	3	
42	24		12		1567		3	0	1	3	/	7	
43	23		3		1673		3	0	2	4	5	/	24	
44	11		14		67		3	0	1	/	1	
45	6		38		67		3	0	1	/	1	
46	2		48		2310		2	0	3	5	/	14	
47	8		56		67		3	0	1	/	1	
48	13		52		1540		3	0	2	5	/	12	
49	6		68		1700		3	0	1	3	4	/	19	
50	47		47		3133		3	0	2	3	4	/	22	
51	49		58		240		3	0	1	4	5	/	21	
52	27		43		1700		3	0	1	2	4	/	17	
53	37		31		400		1	0	4	/	4	
54	57		29		240		3	0	1	4	5	/	21	
55	63		23		520		1	0	4	5	/	15	
56	53		12		1633		3	0	2	4	/	11	
57	32		12		1567		3	0	1	3	/	7	
58	36		26		1567		3	0	1	3	/	7	
59	21		24		3040		3	0	2	3	5	/	23	
60	17		34		400		1	0	4	/	4	
61	12		24		3000		3	0	2	3	/	10	
62	24		58		1540		3	0	2	5	/	12	
63	27		69		120		1	0	5	/	5	
64	15		77		1500		3	0	2	/	2	
65	62		77		200		3	0	1	4	/	8	
66	49		73		1673		3	0	2	4	5	/	24	
67	67		5		1607		3	0	1	2	5	/	18	
68	56		39		240		3	0	1	4	5	/	21	
69	37		47		1500		3	0	2	/	2	
70	37		56		120		1	0	5	/	5	
71	57		68		1700		3	0	1	2	4	/	17	
72	47		16		400		1	0	4	/	4	
73	44		17		3040		3	0	2	3	5	/	23	
74	46		13		1500		3	0	2	/	2	
75	49		11		1567		3	0	1	3	/	7	
76	49		42		1567		3	0	1	3	/	7	
77	53		43		3040		3	0	2	3	5	/	23	
78	61		52		200		3	0	1	4	/	8	
79	57		48		2510		2	0	3	4	5	/	25	
80	56		37		400		1	0	4	/	4	
81	55		54		107		3	0	1	5	/	9	
82	15		47		2250		2	0	3	/	3	
83	14		37		400		1	0	4	/	4	
84	11		31		1633		3	0	2	4	/	11	
85	16		22		1607		3	0	1	2	5	/	18	
86	4		18		1567		3	0	1	3	/	7	
87	28		18		2510		2	0	3	4	5	/	25	
88	26		52		2450		2	0	3	4	/	13	
89	26		35		120		1	0	5	/	5	
90	31		67		3000		3	0	2	3	/	10	
91	15		19		3067		3	0	1	2	3	/	16	
92	22		22		3133		3	0	2	3	4	/	22	
93	18		24		1633		3	0	2	4	/	11	
94	26		27		3067		3	0	1	2	3	/	16	
95	25		24		400		1	0	4	/	4	
96	22		27		2250		2	0	3	/	3	
97	25		21		520		1	0	4	5	/	15	
98	19		21		67		3	0	1	/	1	
99	20		26		120		1	0	5	/	5	
100	18		18		2310		2	0	3	5	/	14	
101	24.4606		73.2608		-1		-1	1	/	0	
102	53.9245		42.8439		-1		-1	1	/	0	
103	57.8889		22.8545		-1		-1	1	/	0	
104	4.43925		58.2677		-1		-1	1	/	0	
105	29.4434		48.7289		-1		-1	1	/	0	
106	66.2539		21.4527		-1		-1	1	/	0	
107	66.1134		70.694		-1		-1	1	/	0	
108	41.4419		65.5565		-1		-1	1	/	0	
109	45.3362		69.9516		-1		-1	1	/	0	
110	54.0381		4.25291		-1		-1	1	/	0	
111	22.9401		44.1927		-1		-1	1	/	0	
112	20.4668		22.6177		-1		-1	1	/	0	
113	36.2072		51.2394		-1		-1	1	/	0	
114	51.2334		59.0536		-1		-1	1	/	0	
