139	21	180000	18000
5
0	0		0		-1		-1	1	/	0	
1	-20.656		-6.313		107		3	0	1	5	/	9	
2	17.781		0.075		107		3	0	1	5	/	9	
3	-9.156		-9.25		2250		2	0	3	/	3	
4	-10.469		-6.875		120		1	0	5	/	5	
5	-20.656		-6.031		1700		3	0	1	3	4	/	19	
6	-8.156		-4.156		120		1	0	5	/	5	
7	-19.031		-6.063		2510		2	0	3	4	5	/	25	
8	-14.219		-12.313		2510		2	0	3	4	5	/	25	
9	-16		-17.218		1567		3	0	1	3	/	7	
10	2.781		-15.688		3040		3	0	2	3	5	/	23	
11	2.563		-11.063		3067		3	0	1	2	3	/	16	
12	9.125		-13.781		107		3	0	1	5	/	9	
13	9.125		-24.218		1700		3	0	1	2	4	/	17	
14	3.531		-5.188		3133		3	0	2	3	4	/	22	
15	-4.438		-4.594		2250		2	0	3	/	3	
16	-1.5		1.344		67		3	0	1	/	1	
17	7.094		2.531		520		1	0	4	5	/	15	
18	-7.906		-11.563		1540		3	0	2	5	/	12	
19	-6.688		-4.719		120		1	0	5	/	5	
20	3.25		-11.375		2510		2	0	3	4	5	/	25	
21	5.031		-12.093		1567		3	0	1	2	/	6	
22	11.844		-17.406		1500		3	0	2	/	2	
23	2.813		-9.344		67		3	0	1	/	1	
24	2.375		-5.531		120		1	0	5	/	5	
25	-3.281		-4.25		520		1	0	4	5	/	15	
26	-7.125		-3.188		3040		3	0	2	3	5	/	23	
27	-5.75		7.375		3000		3	0	2	3	/	10	
28	-19.5		-7.125		1540		3	0	2	5	/	12	
29	-8.875		-8.594		1500		3	0	2	/	2	
30	-13.563		-13.625		3067		3	0	1	2	3	/	16	
31	-5.813		-13.813		2310		2	0	3	5	/	14	
32	3.781		-12.406		3067		3	0	1	2	3	/	16	
33	-5.688		-4.156		1607		3	0	1	3	5	/	20	
34	0.688		1.25		2310		2	0	3	5	/	14	
35	-4.469		-0.719		1500		3	0	2	/	2	
36	-11.906		-4.5		1567		3	0	1	3	/	7	
37	-3.25		-1.906		400		1	0	4	/	4	
38	-2.281		2.156		1633		3	0	2	4	/	11	
39	-1.688		-4.594		3133		3	0	2	3	4	/	22	
40	7.563		-12.219		3040		3	0	2	3	5	/	23	
41	2.406		-5.313		200		3	0	1	4	/	8	
42	3.281		-5.5		1633		3	0	2	4	/	11	
43	9.875		-3.063		3040		3	0	2	3	5	/	23	
44	15.25		-3.063		1500		3	0	2	/	2	
45	8.656		-0.906		3067		3	0	1	2	3	/	16	
46	5.906		-3.063		3000		3	0	2	3	/	10	
47	-7.344		-4.5		3067		3	0	1	2	3	/	16	
48	-6.844		1.625		2250		2	0	3	/	3	
49	-3.594		9.594		1607		3	0	1	2	5	/	18	
50	-5.75		5.594		67		3	0	1	/	1	
51	-2.063		4.438		67		3	0	1	/	1	
52	-23.156		-5.781		1700		3	0	1	3	4	/	19	
53	-26.125		-5.063		3040		3	0	2	3	5	/	23	
54	-14.405		-6.625		2250		2	0	3	/	3	
55	-12.719		-7.125		1633		3	0	2	4	/	11	
56	-11.281		-8.813		520		1	0	4	5	/	15	
57	-5.813		-13.813		400		1	0	4	/	4	
58	-6		-15.75		67		3	0	1	/	1	
59	-4.219		-13.625		1567		3	0	1	2	/	6	
60	-11.125		-13.813		400		1	0	4	/	4	
61	2.313		-11.25		400		1	0	4	/	4	
62	2.813		-10.188		1607		3	0	1	2	5	/	18	
63	3.75		-10.813		240		3	0	1	4	5	/	21	
64	4.156		-12.313		3000		3	0	2	3	/	10	
65	5.281		-13.188		400		1	0	4	/	4	
66	5.063		-12.313		1700		3	0	1	2	4	/	17	
67	-0.531		-7.219		520		1	0	4	5	/	15	
68	-0.75		-4.906		1567		3	0	1	2	/	6	
69	-5.688		-3.969		2310		2	0	3	5	/	14	
70	1.563		4.844		120		1	0	5	/	5	
71	2.844		0.75		200		3	0	1	4	/	8	
72	7.875		-4.938		1700		3	0	1	2	4	/	17	
73	-5.344		-2.594		2450		2	0	3	4	/	13	
74	-5.75		-1.563		2450		2	0	3	4	/	13	
75	-11.625		-4.5		67		3	0	1	/	1	
76	-18.688		-7		1673		3	0	2	4	5	/	24	
77	-10.094		-7.094		2310		2	0	3	5	/	14	
78	-24.063		-19.468		67		3	0	1	/	1	
79	-15.656		-17.5		200		3	0	1	4	/	8	
80	4.313		-11.906		3000		3	0	2	3	/	10	
81	6.344		-11.5		520		1	0	4	5	/	15	
82	20.156		-19.25		520		1	0	4	5	/	15	
83	11.438		-9.344		520		1	0	4	5	/	15	
84	1.469		-4.969		2250		2	0	3	/	3	
85	13.5		1.75		520		1	0	4	5	/	15	
86	2.844		1.938		2310		2	0	3	5	/	14	
87	1.25		-3.063		1700		3	0	1	3	4	/	19	
88	-0.281		-3.063		1673		3	0	2	4	5	/	24	
89	-1.688		-4.281		520		1	0	4	5	/	15	
90	-6.656		-5.281		2510		2	0	3	4	5	/	25	
91	-3.594		-2.688		1500		3	0	2	/	2	
92	-8.188		-3.594		400		1	0	4	/	4	
93	-2.156		0.188		2510		2	0	3	4	5	/	25	
94	-2.375		-4.969		1500		3	0	2	/	2	
95	-2.813		-6		3133		3	0	2	3	4	/	22	
96	-4.875		-0.625		1567		3	0	1	2	/	6	
97	4.656		-4.969		1540		3	0	2	5	/	12	
98	4.75		-6		1673		3	0	2	4	5	/	24	
99	18.5		0.094		2250		2	0	3	/	3	
100	7.125		5.781		400		1	0	4	/	4	
101	2.813		-2.25		1673		3	0	2	4	5	/	24	
102	2.813		0.25		1700		3	0	1	2	4	/	17	
103	1.75		-3.125		3000		3	0	2	3	/	10	
104	0.531		-3.281		120		1	0	5	/	5	
105	-1.625		-0.906		1500		3	0	2	/	2	
106	2.781		-17.593		3000		3	0	2	3	/	10	
107	3.469		-11.375		3040		3	0	2	3	5	/	23	
108	7.219		-13.219		67		3	0	1	/	1	
109	7.469		-14.5		67		3	0	1	/	1	
110	-8.625		-12		2310		2	0	3	5	/	14	
111	-9.344		-0.813		120		1	0	5	/	5	
112	-6.531		-3.969		3000		3	0	2	3	/	10	
113	-9.625		-9.813		1633		3	0	2	4	/	11	
114	-14.25		-13.25		2450		2	0	3	4	/	13	
115	-14.438		-16.156		3133		3	0	2	3	4	/	22	
116	-1.531		-10.625		1500		3	0	2	/	2	
117	3.188		-12		200		3	0	1	4	/	8	
118	4.969		-9.031		1700		3	0	1	2	4	/	17	
119	2.813		-6.156		3133		3	0	2	3	4	/	22	
120	6.875		-0.625		2310		2	0	3	5	/	14	
121	-5.781		-6.281		2250		2	0	3	/	3	
122	-4.969		-4.469		107		3	0	1	5	/	9	
123	-4.875		-3.25		1500		3	0	2	/	2	
124	-6.875		-3.375		67		3	0	1	/	1	
125	2.281		-6.844		107		3	0	1	5	/	9	
126	-19.093		-6.156		2510		2	0	3	4	5	/	25	
127	-20.656		-6.313		1607		3	0	1	3	5	/	20	
128	-20.656		-6.313		1500		3	0	2	/	2	
129	-20.656		-6.313		1567		3	0	1	3	/	7	
130	-20.656		-6.313		2250		2	0	3	/	3	
131	-20.656		-6.313		67		3	0	1	/	1	
132	-9.156		-9.25		3000		3	0	2	3	/	10	
133	-9.156		-9.25		1633		3	0	2	4	/	11	
134	-9.156		-9.25		120		1	0	5	/	5	
135	-9.156		-9.25		3040		3	0	2	3	5	/	23	
136	-10.469		-6.875		120		1	0	5	/	5	
137	-10.469		-6.875		120		1	0	5	/	5	
138	-10.469		-6.875		1700		3	0	1	2	4	/	17	
139	-10.469		-6.875		1673		3	0	2	4	5	/	24	
140	-8.34852		3.98229		-1		-1	1	/	0	
141	-10.561		-18.0756		-1		-1	1	/	0	
142	2.49577		-4.98701		-1		-1	1	/	0	
143	-11.2033		-14.2278		-1		-1	1	/	0	
144	-22.7035		-10.2964		-1		-1	1	/	0	
145	4.22348		-5.66897		-1		-1	1	/	0	
146	18.6211		-11.2333		-1		-1	1	/	0	
147	12.8926		-21.0894		-1		-1	1	/	0	
148	8.23454		-10.9625		-1		-1	1	/	0	
149	-13.3356		-2.00958		-1		-1	1	/	0	
150	-11.071		5.07187		-1		-1	1	/	0	
151	2.01952		-20.5446		-1		-1	1	/	0	
152	-16.1996		-16.0393		-1		-1	1	/	0	
153	-6.98099		-8.15837		-1		-1	1	/	0	
154	-4.47428		-23.2572		-1		-1	1	/	0	
155	-15.8168		-9.78502		-1		-1	1	/	0	
156	-16.8705		-16.4719		-1		-1	1	/	0	
157	16.971		-14.9954		-1		-1	1	/	0	
158	-1.57604		-12.2476		-1		-1	1	/	0	
159	8.48399		-23.9394		-1		-1	1	/	0	
