76	11	180000	18000
5
0	0		0		-1		-1	1	/	0	
1	10		0		1500		3	0	2	/	2	
2	0		10		1633		3	0	2	4	/	11	
3	-10		0		520		1	0	4	5	/	15	
4	-0		-10		1500		3	0	2	/	2	
5	50		0		1500		3	0	2	/	2	
6	0		50		2450		2	0	3	4	/	13	
7	-50		0		1607		3	0	1	2	5	/	18	
8	-0		-50		200		3	0	1	4	/	8	
9	90		0		1700		3	0	1	3	4	/	19	
10	0		90		107		3	0	1	5	/	9	
11	-90		0		3133		3	0	2	3	4	/	22	
12	-0		-90		1607		3	0	1	3	5	/	20	
13	19.319		5.176		1567		3	0	1	2	/	6	
14	5.176		19.319		1673		3	0	2	4	5	/	24	
15	-5.176		19.319		400		1	0	4	/	4	
16	-19.319		5.176		2450		2	0	3	4	/	13	
17	-19.319		-5.176		240		3	0	1	4	5	/	21	
18	-5.176		-19.319		1673		3	0	2	4	5	/	24	
19	5.176		-19.319		200		3	0	1	4	/	8	
20	19.319		-5.176		1567		3	0	1	3	/	7	
21	38.637		10.353		2250		2	0	3	/	3	
22	10.353		38.637		1700		3	0	1	3	4	/	19	
23	-10.353		38.637		1567		3	0	1	2	/	6	
24	-38.637		10.353		1673		3	0	2	4	5	/	24	
25	-38.637		-10.353		1700		3	0	1	3	4	/	19	
26	-10.353		-38.637		120		1	0	5	/	5	
27	10.353		-38.637		520		1	0	4	5	/	15	
28	38.637		-10.353		120		1	0	5	/	5	
29	57.956		15.529		120		1	0	5	/	5	
30	15.529		57.956		1607		3	0	1	3	5	/	20	
31	-15.529		57.956		67		3	0	1	/	1	
32	-57.956		15.529		3133		3	0	2	3	4	/	22	
33	-57.956		-15.529		3067		3	0	1	2	3	/	16	
34	-15.529		-57.956		2250		2	0	3	/	3	
35	15.529		-57.956		1700		3	0	1	3	4	/	19	
36	57.956		-15.529		3000		3	0	2	3	/	10	
37	77.274		20.706		400		1	0	4	/	4	
38	20.706		77.274		2250		2	0	3	/	3	
39	-20.706		77.274		3000		3	0	2	3	/	10	
40	-77.274		20.706		3133		3	0	2	3	4	/	22	
41	-77.274		-20.706		67		3	0	1	/	1	
42	-20.706		-77.274		2310		2	0	3	5	/	14	
43	20.706		-77.274		1607		3	0	1	3	5	/	20	
44	77.274		-20.706		400		1	0	4	/	4	
45	29.743		3.916		1607		3	0	1	2	5	/	18	
46	27.716		11.481		1633		3	0	2	4	/	11	
47	11.481		27.716		120		1	0	5	/	5	
48	3.916		29.743		2250		2	0	3	/	3	
49	-3.916		29.743		240		3	0	1	4	5	/	21	
50	-11.481		27.716		120		1	0	5	/	5	
51	-27.716		11.481		1700		3	0	1	3	4	/	19	
52	-29.743		3.916		1673		3	0	2	4	5	/	24	
53	-29.743		-3.916		2510		2	0	3	4	5	/	25	
54	-27.716		-11.481		3133		3	0	2	3	4	/	22	
55	-11.481		-27.716		200		3	0	1	4	/	8	
56	-3.916		-29.743		1700		3	0	1	3	4	/	19	
57	3.916		-29.743		1567		3	0	1	3	/	7	
58	11.481		-27.716		1673		3	0	2	4	5	/	24	
59	27.716		-11.481		2310		2	0	3	5	/	14	
60	29.743		-3.916		1633		3	0	2	4	/	11	
61	69.401		9.137		1700		3	0	1	2	4	/	17	
62	64.672		26.788		520		1	0	4	5	/	15	
63	26.788		64.672		1567		3	0	1	3	/	7	
64	9.137		69.401		2450		2	0	3	4	/	13	
65	-9.137		69.401		1700		3	0	1	3	4	/	19	
66	-26.788		64.672		1540		3	0	2	5	/	12	
67	-64.672		26.788		3040		3	0	2	3	5	/	23	
68	-69.401		9.137		200		3	0	1	4	/	8	
69	-69.401		-9.137		1633		3	0	2	4	/	11	
70	-64.672		-26.788		520		1	0	4	5	/	15	
71	-26.788		-64.672		1633		3	0	2	4	/	11	
72	-9.137		-69.401		120		1	0	5	/	5	
73	9.137		-69.401		1700		3	0	1	2	4	/	17	
74	26.788		-64.672		1700		3	0	1	3	4	/	19	
75	64.672		-26.788		2510		2	0	3	4	5	/	25	
76	69.401		-9.137		200		3	0	1	4	/	8	
77	71.1188		-15.8328		-1		-1	1	/	0	
78	-22.4976		24.5865		-1		-1	1	/	0	
79	34.6613		25.5339		-1		-1	1	/	0	
80	60.7525		11.4573		-1		-1	1	/	0	
81	-71.3341		-54.344		-1		-1	1	/	0	
82	32.2506		-60.0215		-1		-1	1	/	0	
83	25.3839		-11.1975		-1		-1	1	/	0	
84	-67.0202		-1.8231		-1		-1	1	/	0	
85	46.0958		60.6552		-1		-1	1	/	0	
86	68.5032		68.6896		-1		-1	1	/	0	
