112	16	180000	18000
5
0	0		0		-1		-1	1	/	0	
1	10		0		240		3	0	1	4	5	/	21	
2	0		10		1700		3	0	1	2	4	/	17	
3	-10		0		2250		2	0	3	/	3	
4	-0		-10		1500		3	0	2	/	2	
5	50		0		2310		2	0	3	5	/	14	
6	0		50		2510		2	0	3	4	5	/	25	
7	-50		0		2250		2	0	3	/	3	
8	-0		-50		2450		2	0	3	4	/	13	
9	90		0		1633		3	0	2	4	/	11	
10	0		90		400		1	0	4	/	4	
11	-90		0		3000		3	0	2	3	/	10	
12	-0		-90		3133		3	0	2	3	4	/	22	
13	130		0		1700		3	0	1	3	4	/	19	
14	0		130		1540		3	0	2	5	/	12	
15	-130		0		3000		3	0	2	3	/	10	
16	-0		-130		240		3	0	1	4	5	/	21	
17	19.319		5.176		2510		2	0	3	4	5	/	25	
18	5.176		19.319		1607		3	0	1	2	5	/	18	
19	-5.176		19.319		520		1	0	4	5	/	15	
20	-19.319		5.176		2250		2	0	3	/	3	
21	-19.319		-5.176		3000		3	0	2	3	/	10	
22	-5.176		-19.319		1607		3	0	1	3	5	/	20	
23	5.176		-19.319		2250		2	0	3	/	3	
24	19.319		-5.176		1500		3	0	2	/	2	
25	38.637		10.353		1633		3	0	2	4	/	11	
26	10.353		38.637		1700		3	0	1	2	4	/	17	
27	-10.353		38.637		400		1	0	4	/	4	
28	-38.637		10.353		1567		3	0	1	2	/	6	
29	-38.637		-10.353		200		3	0	1	4	/	8	
30	-10.353		-38.637		200		3	0	1	4	/	8	
31	10.353		-38.637		1500		3	0	2	/	2	
32	38.637		-10.353		2510		2	0	3	4	5	/	25	
33	57.956		15.529		200		3	0	1	4	/	8	
34	15.529		57.956		400		1	0	4	/	4	
35	-15.529		57.956		520		1	0	4	5	/	15	
36	-57.956		15.529		1700		3	0	1	3	4	/	19	
37	-57.956		-15.529		400		1	0	4	/	4	
38	-15.529		-57.956		2510		2	0	3	4	5	/	25	
39	15.529		-57.956		3067		3	0	1	2	3	/	16	
40	57.956		-15.529		1567		3	0	1	2	/	6	
41	77.274		20.706		120		1	0	5	/	5	
42	20.706		77.274		3040		3	0	2	3	5	/	23	
43	-20.706		77.274		2250		2	0	3	/	3	
44	-77.274		20.706		107		3	0	1	5	/	9	
45	-77.274		-20.706		67		3	0	1	/	1	
46	-20.706		-77.274		3000		3	0	2	3	/	10	
47	20.706		-77.274		1700		3	0	1	2	4	/	17	
48	77.274		-20.706		3133		3	0	2	3	4	/	22	
49	96.593		25.882		1633		3	0	2	4	/	11	
50	25.882		96.593		3133		3	0	2	3	4	/	22	
51	-25.882		96.593		1567		3	0	1	3	/	7	
52	-96.593		25.882		1540		3	0	2	5	/	12	
53	-96.593		-25.882		3067		3	0	1	2	3	/	16	
54	-25.882		-96.593		107		3	0	1	5	/	9	
55	25.882		-96.593		2250		2	0	3	/	3	
56	96.593		-25.882		1500		3	0	2	/	2	
57	115.911		31.058		3040		3	0	2	3	5	/	23	
58	31.058		115.911		120		1	0	5	/	5	
59	-31.058		115.911		1500		3	0	2	/	2	
60	-115.911		31.058		67		3	0	1	/	1	
61	-115.911		-31.058		2250		2	0	3	/	3	
62	-31.058		-115.911		1700		3	0	1	2	4	/	17	
63	31.058		-115.911		3133		3	0	2	3	4	/	22	
64	115.911		-31.058		120		1	0	5	/	5	
65	29.743		3.916		1633		3	0	2	4	/	11	
66	27.716		11.481		107		3	0	1	5	/	9	
67	11.481		27.716		1567		3	0	1	2	/	6	
68	3.916		29.743		1673		3	0	2	4	5	/	24	
69	-3.916		29.743		240		3	0	1	4	5	/	21	
70	-11.481		27.716		200		3	0	1	4	/	8	
71	-27.716		11.481		2250		2	0	3	/	3	
72	-29.743		3.916		2250		2	0	3	/	3	
73	-29.743		-3.916		1500		3	0	2	/	2	
74	-27.716		-11.481		1540		3	0	2	5	/	12	
75	-11.481		-27.716		3040		3	0	2	3	5	/	23	
76	-3.916		-29.743		2510		2	0	3	4	5	/	25	
77	3.916		-29.743		520		1	0	4	5	/	15	
78	11.481		-27.716		2510		2	0	3	4	5	/	25	
79	27.716		-11.481		3040		3	0	2	3	5	/	23	
80	29.743		-3.916		3040		3	0	2	3	5	/	23	
81	69.401		9.137		1567		3	0	1	3	/	7	
82	64.672		26.788		1567		3	0	1	3	/	7	
83	26.788		64.672		3040		3	0	2	3	5	/	23	
84	9.137		69.401		400		1	0	4	/	4	
85	-9.137		69.401		1607		3	0	1	3	5	/	20	
86	-26.788		64.672		1567		3	0	1	3	/	7	
87	-64.672		26.788		67		3	0	1	/	1	
88	-69.401		9.137		2310		2	0	3	5	/	14	
89	-69.401		-9.137		1700		3	0	1	2	4	/	17	
90	-64.672		-26.788		1700		3	0	1	3	4	/	19	
91	-26.788		-64.672		1673		3	0	2	4	5	/	24	
92	-9.137		-69.401		1500		3	0	2	/	2	
93	9.137		-69.401		3040		3	0	2	3	5	/	23	
94	26.788		-64.672		520		1	0	4	5	/	15	
95	64.672		-26.788		1607		3	0	1	2	5	/	18	
96	69.401		-9.137		1607		3	0	1	3	5	/	20	
97	109.059		14.358		3000		3	0	2	3	/	10	
98	101.627		42.095		120		1	0	5	/	5	
99	42.095		101.627		1500		3	0	2	/	2	
100	14.358		109.059		3133		3	0	2	3	4	/	22	
101	-14.358		109.059		400		1	0	4	/	4	
102	-42.095		101.627		240		3	0	1	4	5	/	21	
103	-101.627		42.095		1700		3	0	1	2	4	/	17	
104	-109.059		14.358		1633		3	0	2	4	/	11	
105	-109.059		-14.358		67		3	0	1	/	1	
106	-101.627		-42.095		400		1	0	4	/	4	
107	-42.095		-101.627		3067		3	0	1	2	3	/	16	
108	-14.358		-109.059		120		1	0	5	/	5	
109	14.358		-109.059		1700		3	0	1	2	4	/	17	
110	42.095		-101.627		1700		3	0	1	2	4	/	17	
111	101.627		-42.095		400		1	0	4	/	4	
112	109.059		-14.358		2250		2	0	3	/	3	
113	-40.4068		1.89708		-1		-1	1	/	0	
114	-27.0646		-83.279		-1		-1	1	/	0	
115	32.0586		126.183		-1		-1	1	/	0	
116	-39.8224		-58.4735		-1		-1	1	/	0	
117	99.8261		23.6851		-1		-1	1	/	0	
118	-111.044		-88.1634		-1		-1	1	/	0	
119	17.8948		123.232		-1		-1	1	/	0	
120	-12.888		-26.5658		-1		-1	1	/	0	
121	-98.7968		-104.348		-1		-1	1	/	0	
122	99.9277		73.5338		-1		-1	1	/	0	
123	-57.787		100.132		-1		-1	1	/	0	
124	81.8559		-29.1671		-1		-1	1	/	0	
125	-108.884		60.122		-1		-1	1	/	0	
126	45.5191		-70.9683		-1		-1	1	/	0	
127	94.1048		-44.7278		-1		-1	1	/	0	
