114	17	180000	18000
5
0	0		0		-1		-1	1	/	0	
1	10		0		1633		3	0	2	4	/	11	
2	5		8.66		3067		3	0	1	2	3	/	16	
3	-5		8.66		520		1	0	4	5	/	15	
4	-10		0		1607		3	0	1	2	5	/	18	
5	-5		-8.66		200		3	0	1	4	/	8	
6	5		-8.66		120		1	0	5	/	5	
7	50		0		1567		3	0	1	3	/	7	
8	25		43.301		3133		3	0	2	3	4	/	22	
9	-25		43.301		1567		3	0	1	3	/	7	
10	-50		0		3000		3	0	2	3	/	10	
11	-25		-43.301		3133		3	0	2	3	4	/	22	
12	25		-43.301		1607		3	0	1	3	5	/	20	
13	90		0		3040		3	0	2	3	5	/	23	
14	45		77.942		1633		3	0	2	4	/	11	
15	-45		77.942		200		3	0	1	4	/	8	
16	-90		0		67		3	0	1	/	1	
17	-45		-77.942		3133		3	0	2	3	4	/	22	
18	45		-77.942		200		3	0	1	4	/	8	
19	19.696		3.473		2450		2	0	3	4	/	13	
20	12.856		15.321		3000		3	0	2	3	/	10	
21	6.84		18.794		1700		3	0	1	2	4	/	17	
22	-6.84		18.794		1607		3	0	1	3	5	/	20	
23	-12.856		15.321		2250		2	0	3	/	3	
24	-19.696		3.473		2250		2	0	3	/	3	
25	-19.696		-3.473		2310		2	0	3	5	/	14	
26	-12.856		-15.321		240		3	0	1	4	5	/	21	
27	-6.84		-18.794		3067		3	0	1	2	3	/	16	
28	6.84		-18.794		3040		3	0	2	3	5	/	23	
29	12.856		-15.321		120		1	0	5	/	5	
30	19.696		-3.473		1567		3	0	1	2	/	6	
31	39.392		6.946		3000		3	0	2	3	/	10	
32	25.712		30.642		3000		3	0	2	3	/	10	
33	13.681		37.588		1567		3	0	1	2	/	6	
34	-13.681		37.588		1567		3	0	1	3	/	7	
35	-25.712		30.642		1500		3	0	2	/	2	
36	-39.392		6.946		67		3	0	1	/	1	
37	-39.392		-6.946		1700		3	0	1	3	4	/	19	
38	-25.712		-30.642		1700		3	0	1	2	4	/	17	
39	-13.681		-37.588		67		3	0	1	/	1	
40	13.681		-37.588		120		1	0	5	/	5	
41	25.712		-30.642		2450		2	0	3	4	/	13	
42	39.392		-6.946		120		1	0	5	/	5	
43	59.088		10.419		200		3	0	1	4	/	8	
44	38.567		45.963		1567		3	0	1	3	/	7	
45	20.521		56.382		120		1	0	5	/	5	
46	-20.521		56.382		1540		3	0	2	5	/	12	
47	-38.567		45.963		400		1	0	4	/	4	
48	-59.088		10.419		67		3	0	1	/	1	
49	-59.088		-10.419		3133		3	0	2	3	4	/	22	
50	-38.567		-45.963		3000		3	0	2	3	/	10	
51	-20.521		-56.382		1607		3	0	1	3	5	/	20	
52	20.521		-56.382		1567		3	0	1	2	/	6	
53	38.567		-45.963		2250		2	0	3	/	3	
54	59.088		-10.419		400		1	0	4	/	4	
55	78.785		13.892		3000		3	0	2	3	/	10	
56	51.423		61.284		1540		3	0	2	5	/	12	
57	27.362		75.175		520		1	0	4	5	/	15	
58	-27.362		75.175		2250		2	0	3	/	3	
59	-51.423		61.284		1500		3	0	2	/	2	
60	-78.785		13.892		1567		3	0	1	3	/	7	
61	-78.785		-13.892		3067		3	0	1	2	3	/	16	
62	-51.423		-61.284		2250		2	0	3	/	3	
63	-27.362		-75.175		1700		3	0	1	3	4	/	19	
64	27.362		-75.175		120		1	0	5	/	5	
65	51.423		-61.284		400		1	0	4	/	4	
66	78.785		-13.892		1700		3	0	1	2	4	/	17	
67	29.886		2.615		2310		2	0	3	5	/	14	
68	28.978		7.765		2310		2	0	3	5	/	14	
69	21.213		21.213		120		1	0	5	/	5	
70	17.207		24.575		200		3	0	1	4	/	8	
71	12.679		27.189		3000		3	0	2	3	/	10	
72	7.765		28.978		3040		3	0	2	3	5	/	23	
73	-7.765		28.978		240		3	0	1	4	5	/	21	
74	-12.679		27.189		3000		3	0	2	3	/	10	
75	-17.207		24.575		1673		3	0	2	4	5	/	24	
76	-21.213		21.213		3000		3	0	2	3	/	10	
77	-28.978		7.765		1540		3	0	2	5	/	12	
78	-29.886		2.615		107		3	0	1	5	/	9	
79	-29.886		-2.615		107		3	0	1	5	/	9	
80	-28.978		-7.765		67		3	0	1	/	1	
81	-21.213		-21.213		520		1	0	4	5	/	15	
82	-17.207		-24.575		2450		2	0	3	4	/	13	
83	-12.679		-27.189		240		3	0	1	4	5	/	21	
84	-7.765		-28.978		2450		2	0	3	4	/	13	
85	7.765		-28.978		120		1	0	5	/	5	
86	12.679		-27.189		1700		3	0	1	3	4	/	19	
87	17.207		-24.575		1500		3	0	2	/	2	
88	21.213		-21.213		1700		3	0	1	2	4	/	17	
89	28.978		-7.765		3000		3	0	2	3	/	10	
90	29.886		-2.615		120		1	0	5	/	5	
91	69.734		6.101		120		1	0	5	/	5	
92	67.615		18.117		1567		3	0	1	2	/	6	
93	49.497		49.497		3067		3	0	1	2	3	/	16	
94	40.15		57.341		1633		3	0	2	4	/	11	
95	29.583		63.442		3040		3	0	2	3	5	/	23	
96	18.117		67.615		120		1	0	5	/	5	
97	-18.117		67.615		1607		3	0	1	2	5	/	18	
98	-29.583		63.442		3067		3	0	1	2	3	/	16	
99	-40.15		57.341		1607		3	0	1	2	5	/	18	
100	-49.497		49.497		1567		3	0	1	3	/	7	
101	-67.615		18.117		3133		3	0	2	3	4	/	22	
102	-69.734		6.101		3040		3	0	2	3	5	/	23	
103	-69.734		-6.101		1500		3	0	2	/	2	
104	-67.615		-18.117		120		1	0	5	/	5	
105	-49.497		-49.497		1567		3	0	1	3	/	7	
106	-40.15		-57.341		120		1	0	5	/	5	
107	-29.583		-63.442		67		3	0	1	/	1	
108	-18.117		-67.615		1673		3	0	2	4	5	/	24	
109	18.117		-67.615		67		3	0	1	/	1	
110	29.583		-63.442		3000		3	0	2	3	/	10	
111	40.15		-57.341		3067		3	0	1	2	3	/	16	
112	49.497		-49.497		3133		3	0	2	3	4	/	22	
113	67.615		-18.117		200		3	0	1	4	/	8	
114	69.734		-6.101		3040		3	0	2	3	5	/	23	
115	31.2633		-4.2287		-1		-1	1	/	0	
116	86.5089		3.42575		-1		-1	1	/	0	
117	4.97219		0.239227		-1		-1	1	/	0	
118	72.0927		-62.5127		-1		-1	1	/	0	
119	19.6422		33.6283		-1		-1	1	/	0	
120	-34.6953		11.8988		-1		-1	1	/	0	
121	-66.274		-10.3073		-1		-1	1	/	0	
122	-48.0339		69.3408		-1		-1	1	/	0	
123	-57.072		-12.2074		-1		-1	1	/	0	
124	56.5793		-29.7128		-1		-1	1	/	0	
125	-43.6438		-15.8899		-1		-1	1	/	0	
126	30.6631		-59.72		-1		-1	1	/	0	
127	24.0702		-1.51764		-1		-1	1	/	0	
128	23.5457		57.517		-1		-1	1	/	0	
129	-86.7001		72.2743		-1		-1	1	/	0	
130	63.1505		51.6878		-1		-1	1	/	0	
