102	15	180000	18000
5
0	0		0		-1		-1	1	/	0	
1	57.735		0		400		1	0	4	/	4	
2	28.867		50		1567		3	0	1	2	/	6	
3	-28.867		50		1500		3	0	2	/	2	
4	-57.735		0		1700		3	0	1	3	4	/	19	
5	-28.867		-50		400		1	0	4	/	4	
6	28.867		-50		400		1	0	4	/	4	
7	288.675		0		520		1	0	4	5	/	15	
8	144.337		250		67		3	0	1	/	1	
9	-144.337		250		120		1	0	5	/	5	
10	-288.675		0		1500		3	0	2	/	2	
11	-144.337		-250		1567		3	0	1	2	/	6	
12	144.337		-250		1700		3	0	1	2	4	/	17	
13	86.603		50		1700		3	0	1	3	4	/	19	
14	0		100		67		3	0	1	/	1	
15	-86.603		50		120		1	0	5	/	5	
16	-86.603		-50		1607		3	0	1	2	5	/	18	
17	-0		-100		120		1	0	5	/	5	
18	86.603		-50		2250		2	0	3	/	3	
19	0		40		67		3	0	1	/	1	
20	-34.641		-20		3040		3	0	2	3	5	/	23	
21	34.641		-20		3000		3	0	2	3	/	10	
22	433.013		250		3067		3	0	1	2	3	/	16	
23	0		500		1633		3	0	2	4	/	11	
24	-433.013		250		2450		2	0	3	4	/	13	
25	-433.013		-250		67		3	0	1	/	1	
26	-0		-500		1607		3	0	1	3	5	/	20	
27	433.013		-250		1500		3	0	2	/	2	
28	0		200		240		3	0	1	4	5	/	21	
29	-173.205		-100		2510		2	0	3	4	5	/	25	
30	173.205		-100		1673		3	0	2	4	5	/	24	
31	67.169		27.887		1540		3	0	2	5	/	12	
32	77.169		22.113		1500		3	0	2	/	2	
33	57.735		55.773		107		3	0	1	5	/	9	
34	57.735		44.226		1607		3	0	1	2	5	/	18	
35	19.434		77.887		67		3	0	1	/	1	
36	9.434		72.113		3067		3	0	1	2	3	/	16	
37	-19.434		77.887		1700		3	0	1	3	4	/	19	
38	-9.434		72.113		2250		2	0	3	/	3	
39	-57.735		55.773		67		3	0	1	/	1	
40	-57.735		44.226		67		3	0	1	/	1	
41	-67.169		27.887		520		1	0	4	5	/	15	
42	-77.169		22.113		3040		3	0	2	3	5	/	23	
43	-77.169		-22.113		120		1	0	5	/	5	
44	-67.169		-27.887		120		1	0	5	/	5	
45	-57.735		-44.226		400		1	0	4	/	4	
46	-57.735		-55.774		2250		2	0	3	/	3	
47	-9.434		-72.113		107		3	0	1	5	/	9	
48	-19.434		-77.887		2310		2	0	3	5	/	14	
49	9.434		-72.113		107		3	0	1	5	/	9	
50	19.434		-77.887		3040		3	0	2	3	5	/	23	
51	57.735		-44.226		400		1	0	4	/	4	
52	57.735		-55.774		1633		3	0	2	4	/	11	
53	77.169		-22.113		400		1	0	4	/	4	
54	67.169		-27.887		2250		2	0	3	/	3	
55	13.434		47.887		3133		3	0	2	3	4	/	22	
56	15.434		42.113		1607		3	0	1	3	5	/	20	
57	-13.434		47.887		107		3	0	1	5	/	9	
58	-15.434		42.113		120		1	0	5	/	5	
59	-44.188		-7.691		400		1	0	4	/	4	
60	-48.188		-12.309		2250		2	0	3	/	3	
61	-28.754		-34.423		3067		3	0	1	2	3	/	16	
62	-34.754		-35.577		1700		3	0	1	3	4	/	19	
63	28.754		-34.423		1540		3	0	2	5	/	12	
64	34.754		-35.577		200		3	0	1	4	/	8	
65	44.188		-7.691		1607		3	0	1	3	5	/	20	
66	48.188		-12.309		1500		3	0	2	/	2	
67	335.844		139.434		2450		2	0	3	4	/	13	
68	385.844		110.566		2250		2	0	3	/	3	
69	288.675		278.867		67		3	0	1	/	1	
70	288.675		221.132		2450		2	0	3	4	/	13	
71	97.169		389.434		3067		3	0	1	2	3	/	16	
72	47.169		360.566		1607		3	0	1	3	5	/	20	
73	-97.169		389.434		1700		3	0	1	3	4	/	19	
74	-47.169		360.566		107		3	0	1	5	/	9	
75	-288.675		278.867		520		1	0	4	5	/	15	
76	-288.675		221.132		3067		3	0	1	2	3	/	16	
77	-335.844		139.434		3040		3	0	2	3	5	/	23	
78	-385.844		110.566		200		3	0	1	4	/	8	
79	-385.844		-110.566		200		3	0	1	4	/	8	
80	-335.844		-139.434		2310		2	0	3	5	/	14	
81	-288.675		-221.132		240		3	0	1	4	5	/	21	
82	-288.675		-278.867		400		1	0	4	/	4	
83	-47.169		-360.566		3067		3	0	1	2	3	/	16	
84	-97.169		-389.434		1500		3	0	2	/	2	
85	47.169		-360.566		1540		3	0	2	5	/	12	
86	97.169		-389.434		67		3	0	1	/	1	
87	288.675		-221.132		3040		3	0	2	3	5	/	23	
88	288.675		-278.867		240		3	0	1	4	5	/	21	
89	385.844		-110.566		1673		3	0	2	4	5	/	24	
90	335.844		-139.434		1607		3	0	1	3	5	/	20	
91	67.169		239.434		3040		3	0	2	3	5	/	23	
92	77.169		210.566		3067		3	0	1	2	3	/	16	
93	-67.169		239.434		2510		2	0	3	4	5	/	25	
94	-77.169		210.566		1567		3	0	1	3	/	7	
95	-220.94		-38.453		200		3	0	1	4	/	8	
96	-240.94		-61.547		1607		3	0	1	3	5	/	20	
97	-143.771		-172.113		120		1	0	5	/	5	
98	-173.771		-177.887		107		3	0	1	5	/	9	
99	143.771		-172.113		3067		3	0	1	2	3	/	16	
100	173.771		-177.887		2510		2	0	3	4	5	/	25	
101	220.94		-38.453		1540		3	0	2	5	/	12	
102	240.94		-61.547		1567		3	0	1	2	/	6	
103	-421.629		200.932		-1		-1	1	/	0	
104	-407.766		437.448		-1		-1	1	/	0	
105	292.889		-132.873		-1		-1	1	/	0	
106	-233.889		329.608		-1		-1	1	/	0	
107	225.778		8.58693		-1		-1	1	/	0	
108	-263.331		261.35		-1		-1	1	/	0	
109	-209.285		-459.249		-1		-1	1	/	0	
110	73.3043		-36.3102		-1		-1	1	/	0	
111	239.884		-257.901		-1		-1	1	/	0	
112	-86.8839		397.229		-1		-1	1	/	0	
113	72.256		414.058		-1		-1	1	/	0	
114	374.517		-167.352		-1		-1	1	/	0	
115	-4.95744		-152.431		-1		-1	1	/	0	
116	124.04		206.817		-1		-1	1	/	0	
