102	15	180000	18000
5
0	0		0		-1		-1	1	/	0	
1	57.735		0		1633		3	0	2	4	/	11	
2	28.867		50		1500		3	0	2	/	2	
3	-28.867		50		400		1	0	4	/	4	
4	-57.735		0		200		3	0	1	4	/	8	
5	-28.867		-50		1500		3	0	2	/	2	
6	28.867		-50		1567		3	0	1	3	/	7	
7	288.675		0		1567		3	0	1	3	/	7	
8	144.337		250		200		3	0	1	4	/	8	
9	-144.337		250		1567		3	0	1	2	/	6	
10	-288.675		0		2250		2	0	3	/	3	
11	-144.337		-250		2250		2	0	3	/	3	
12	144.337		-250		1540		3	0	2	5	/	12	
13	86.603		50		400		1	0	4	/	4	
14	0		100		120		1	0	5	/	5	
15	-86.603		50		1607		3	0	1	3	5	/	20	
16	-86.603		-50		107		3	0	1	5	/	9	
17	-0		-100		1633		3	0	2	4	/	11	
18	86.603		-50		120		1	0	5	/	5	
19	0		40		2250		2	0	3	/	3	
20	-34.641		-20		2250		2	0	3	/	3	
21	34.641		-20		2450		2	0	3	4	/	13	
22	433.013		250		3133		3	0	2	3	4	/	22	
23	0		500		1673		3	0	2	4	5	/	24	
24	-433.013		250		1500		3	0	2	/	2	
25	-433.013		-250		120		1	0	5	/	5	
26	-0		-500		240		3	0	1	4	5	/	21	
27	433.013		-250		2250		2	0	3	/	3	
28	0		200		1607		3	0	1	3	5	/	20	
29	-173.205		-100		3000		3	0	2	3	/	10	
30	173.205		-100		67		3	0	1	/	1	
31	67.169		27.887		3000		3	0	2	3	/	10	
32	77.169		22.113		2250		2	0	3	/	3	
33	57.735		55.773		107		3	0	1	5	/	9	
34	57.735		44.226		2310		2	0	3	5	/	14	
35	19.434		77.887		3133		3	0	2	3	4	/	22	
36	9.434		72.113		1567		3	0	1	3	/	7	
37	-19.434		77.887		2510		2	0	3	4	5	/	25	
38	-9.434		72.113		1540		3	0	2	5	/	12	
39	-57.735		55.773		120		1	0	5	/	5	
40	-57.735		44.226		1567		3	0	1	3	/	7	
41	-67.169		27.887		2250		2	0	3	/	3	
42	-77.169		22.113		1567		3	0	1	2	/	6	
43	-77.169		-22.113		1607		3	0	1	3	5	/	20	
44	-67.169		-27.887		2250		2	0	3	/	3	
45	-57.735		-44.226		240		3	0	1	4	5	/	21	
46	-57.735		-55.774		120		1	0	5	/	5	
47	-9.434		-72.113		1500		3	0	2	/	2	
48	-19.434		-77.887		2250		2	0	3	/	3	
49	9.434		-72.113		200		3	0	1	4	/	8	
50	19.434		-77.887		1633		3	0	2	4	/	11	
51	57.735		-44.226		3040		3	0	2	3	5	/	23	
52	57.735		-55.774		1540		3	0	2	5	/	12	
53	77.169		-22.113		400		1	0	4	/	4	
54	67.169		-27.887		120		1	0	5	/	5	
55	13.434		47.887		1607		3	0	1	3	5	/	20	
56	15.434		42.113		1633		3	0	2	4	/	11	
57	-13.434		47.887		1607		3	0	1	3	5	/	20	
58	-15.434		42.113		1633		3	0	2	4	/	11	
59	-44.188		-7.691		1607		3	0	1	3	5	/	20	
60	-48.188		-12.309		3000		3	0	2	3	/	10	
61	-28.754		-34.423		1607		3	0	1	3	5	/	20	
62	-34.754		-35.577		120		1	0	5	/	5	
63	28.754		-34.423		1607		3	0	1	2	5	/	18	
64	34.754		-35.577		1540		3	0	2	5	/	12	
65	44.188		-7.691		2450		2	0	3	4	/	13	
66	48.188		-12.309		240		3	0	1	4	5	/	21	
67	335.844		139.434		67		3	0	1	/	1	
68	385.844		110.566		3067		3	0	1	2	3	/	16	
69	288.675		278.867		2310		2	0	3	5	/	14	
70	288.675		221.132		520		1	0	4	5	/	15	
71	97.169		389.434		240		3	0	1	4	5	/	21	
72	47.169		360.566		1633		3	0	2	4	/	11	
73	-97.169		389.434		1607		3	0	1	2	5	/	18	
74	-47.169		360.566		67		3	0	1	/	1	
75	-288.675		278.867		3040		3	0	2	3	5	/	23	
76	-288.675		221.132		1673		3	0	2	4	5	/	24	
77	-335.844		139.434		3067		3	0	1	2	3	/	16	
78	-385.844		110.566		1607		3	0	1	2	5	/	18	
79	-385.844		-110.566		2310		2	0	3	5	/	14	
80	-335.844		-139.434		1673		3	0	2	4	5	/	24	
81	-288.675		-221.132		3133		3	0	2	3	4	/	22	
82	-288.675		-278.867		3040		3	0	2	3	5	/	23	
83	-47.169		-360.566		67		3	0	1	/	1	
84	-97.169		-389.434		2450		2	0	3	4	/	13	
85	47.169		-360.566		2510		2	0	3	4	5	/	25	
86	97.169		-389.434		2250		2	0	3	/	3	
87	288.675		-221.132		2510		2	0	3	4	5	/	25	
88	288.675		-278.867		1673		3	0	2	4	5	/	24	
89	385.844		-110.566		67		3	0	1	/	1	
90	335.844		-139.434		1700		3	0	1	3	4	/	19	
91	67.169		239.434		1540		3	0	2	5	/	12	
92	77.169		210.566		1567		3	0	1	3	/	7	
93	-67.169		239.434		400		1	0	4	/	4	
94	-77.169		210.566		1540		3	0	2	5	/	12	
95	-220.94		-38.453		1700		3	0	1	3	4	/	19	
96	-240.94		-61.547		2250		2	0	3	/	3	
97	-143.771		-172.113		2310		2	0	3	5	/	14	
98	-173.771		-177.887		1700		3	0	1	3	4	/	19	
99	143.771		-172.113		520		1	0	4	5	/	15	
100	173.771		-177.887		120		1	0	5	/	5	
101	220.94		-38.453		1500		3	0	2	/	2	
102	240.94		-61.547		1700		3	0	1	3	4	/	19	
103	-410.519		-136.985		-1		-1	1	/	0	
104	344.393		-137.456		-1		-1	1	/	0	
105	-72.3279		451.751		-1		-1	1	/	0	
106	-303.073		236.198		-1		-1	1	/	0	
107	382.787		181.341		-1		-1	1	/	0	
108	-76.427		336.128		-1		-1	1	/	0	
109	-10.4798		427.89		-1		-1	1	/	0	
110	-219.853		-173.678		-1		-1	1	/	0	
111	350.305		144.022		-1		-1	1	/	0	
112	-226.429		-256.039		-1		-1	1	/	0	
113	21.1304		-418.32		-1		-1	1	/	0	
114	180.553		159.519		-1		-1	1	/	0	
115	-19.4002		83.7814		-1		-1	1	/	0	
116	-15.4406		258.845		-1		-1	1	/	0	
