102	15	180000	18000
5
0	0		0		-1		-1	1	/	0	
1	57.735		0		1633		3	0	2	4	/	11	
2	28.867		50		1607		3	0	1	2	5	/	18	
3	-28.867		50		1607		3	0	1	3	5	/	20	
4	-57.735		0		1700		3	0	1	3	4	/	19	
5	-28.867		-50		1607		3	0	1	3	5	/	20	
6	28.867		-50		400		1	0	4	/	4	
7	288.675		0		2310		2	0	3	5	/	14	
8	144.337		250		200		3	0	1	4	/	8	
9	-144.337		250		3000		3	0	2	3	/	10	
10	-288.675		0		1540		3	0	2	5	/	12	
11	-144.337		-250		520		1	0	4	5	/	15	
12	144.337		-250		2510		2	0	3	4	5	/	25	
13	86.603		50		2250		2	0	3	/	3	
14	0		100		2510		2	0	3	4	5	/	25	
15	-86.603		50		1500		3	0	2	/	2	
16	-86.603		-50		1540		3	0	2	5	/	12	
17	-0		-100		3000		3	0	2	3	/	10	
18	86.603		-50		3133		3	0	2	3	4	/	22	
19	0		40		2510		2	0	3	4	5	/	25	
20	-34.641		-20		240		3	0	1	4	5	/	21	
21	34.641		-20		1607		3	0	1	2	5	/	18	
22	433.013		250		2250		2	0	3	/	3	
23	0		500		2450		2	0	3	4	/	13	
24	-433.013		250		1700		3	0	1	2	4	/	17	
25	-433.013		-250		1607		3	0	1	2	5	/	18	
26	-0		-500		120		1	0	5	/	5	
27	433.013		-250		1500		3	0	2	/	2	
28	0		200		3133		3	0	2	3	4	/	22	
29	-173.205		-100		1540		3	0	2	5	/	12	
30	173.205		-100		2250		2	0	3	/	3	
31	67.169		27.887		1700		3	0	1	3	4	/	19	
32	77.169		22.113		200		3	0	1	4	/	8	
33	57.735		55.773		1540		3	0	2	5	/	12	
34	57.735		44.226		1500		3	0	2	/	2	
35	19.434		77.887		400		1	0	4	/	4	
36	9.434		72.113		240		3	0	1	4	5	/	21	
37	-19.434		77.887		1633		3	0	2	4	/	11	
38	-9.434		72.113		3040		3	0	2	3	5	/	23	
39	-57.735		55.773		1567		3	0	1	2	/	6	
40	-57.735		44.226		67		3	0	1	/	1	
41	-67.169		27.887		240		3	0	1	4	5	/	21	
42	-77.169		22.113		1700		3	0	1	3	4	/	19	
43	-77.169		-22.113		1567		3	0	1	3	/	7	
44	-67.169		-27.887		240		3	0	1	4	5	/	21	
45	-57.735		-44.226		2250		2	0	3	/	3	
46	-57.735		-55.774		1607		3	0	1	2	5	/	18	
47	-9.434		-72.113		3000		3	0	2	3	/	10	
48	-19.434		-77.887		2250		2	0	3	/	3	
49	9.434		-72.113		3040		3	0	2	3	5	/	23	
50	19.434		-77.887		1500		3	0	2	/	2	
51	57.735		-44.226		240		3	0	1	4	5	/	21	
52	57.735		-55.774		1607		3	0	1	3	5	/	20	
53	77.169		-22.113		1567		3	0	1	2	/	6	
54	67.169		-27.887		1633		3	0	2	4	/	11	
55	13.434		47.887		67		3	0	1	/	1	
56	15.434		42.113		1540		3	0	2	5	/	12	
57	-13.434		47.887		2450		2	0	3	4	/	13	
58	-15.434		42.113		1567		3	0	1	2	/	6	
59	-44.188		-7.691		1700		3	0	1	3	4	/	19	
60	-48.188		-12.309		1607		3	0	1	3	5	/	20	
61	-28.754		-34.423		67		3	0	1	/	1	
62	-34.754		-35.577		3000		3	0	2	3	/	10	
63	28.754		-34.423		1673		3	0	2	4	5	/	24	
64	34.754		-35.577		200		3	0	1	4	/	8	
65	44.188		-7.691		120		1	0	5	/	5	
66	48.188		-12.309		520		1	0	4	5	/	15	
67	335.844		139.434		240		3	0	1	4	5	/	21	
68	385.844		110.566		1500		3	0	2	/	2	
69	288.675		278.867		2250		2	0	3	/	3	
70	288.675		221.132		3040		3	0	2	3	5	/	23	
71	97.169		389.434		240		3	0	1	4	5	/	21	
72	47.169		360.566		1540		3	0	2	5	/	12	
73	-97.169		389.434		1700		3	0	1	3	4	/	19	
74	-47.169		360.566		2250		2	0	3	/	3	
75	-288.675		278.867		1500		3	0	2	/	2	
76	-288.675		221.132		200		3	0	1	4	/	8	
77	-335.844		139.434		1673		3	0	2	4	5	/	24	
78	-385.844		110.566		400		1	0	4	/	4	
79	-385.844		-110.566		240		3	0	1	4	5	/	21	
80	-335.844		-139.434		2450		2	0	3	4	/	13	
81	-288.675		-221.132		1607		3	0	1	3	5	/	20	
82	-288.675		-278.867		3067		3	0	1	2	3	/	16	
83	-47.169		-360.566		3133		3	0	2	3	4	/	22	
84	-97.169		-389.434		1567		3	0	1	3	/	7	
85	47.169		-360.566		3040		3	0	2	3	5	/	23	
86	97.169		-389.434		67		3	0	1	/	1	
87	288.675		-221.132		520		1	0	4	5	/	15	
88	288.675		-278.867		67		3	0	1	/	1	
89	385.844		-110.566		400		1	0	4	/	4	
90	335.844		-139.434		1500		3	0	2	/	2	
91	67.169		239.434		400		1	0	4	/	4	
92	77.169		210.566		1700		3	0	1	3	4	/	19	
93	-67.169		239.434		1540		3	0	2	5	/	12	
94	-77.169		210.566		2450		2	0	3	4	/	13	
95	-220.94		-38.453		1673		3	0	2	4	5	/	24	
96	-240.94		-61.547		1540		3	0	2	5	/	12	
97	-143.771		-172.113		2310		2	0	3	5	/	14	
98	-173.771		-177.887		1500		3	0	2	/	2	
99	143.771		-172.113		1700		3	0	1	3	4	/	19	
100	173.771		-177.887		3067		3	0	1	2	3	/	16	
101	220.94		-38.453		2510		2	0	3	4	5	/	25	
102	240.94		-61.547		2250		2	0	3	/	3	
103	-186.92		-486.701		-1		-1	1	/	0	
104	87.6303		-111.294		-1		-1	1	/	0	
105	5.00718		-273.003		-1		-1	1	/	0	
106	-291.573		-42.7102		-1		-1	1	/	0	
107	204.361		416.244		-1		-1	1	/	0	
108	389.807		279.63		-1		-1	1	/	0	
109	-210.335		-419.834		-1		-1	1	/	0	
110	289.21		-383.964		-1		-1	1	/	0	
111	52.2912		172.967		-1		-1	1	/	0	
112	-144.215		-297.682		-1		-1	1	/	0	
113	92.108		33.4522		-1		-1	1	/	0	
114	-214.017		-141.804		-1		-1	1	/	0	
115	-418.408		-329.985		-1		-1	1	/	0	
116	79.3046		54.5231		-1		-1	1	/	0	
