96	14	180000	18000
5
0	30.219		24.786		-1		-1	1	/	0	
1	33.588		30.75		400		1	0	4	/	4	
2	48.828		65.314		3040		3	0	2	3	5	/	23	
3	86.176		59.344		2310		2	0	3	5	/	14	
4	39.27		-33.057		1540		3	0	2	5	/	12	
5	-23.37		86.853		240		3	0	1	4	5	/	21	
6	48.132		95.593		1700		3	0	1	2	4	/	17	
7	-16.357		93.311		1607		3	0	1	3	5	/	20	
8	-57.703		-65.601		400		1	0	4	/	4	
9	7.147		32.684		67		3	0	1	/	1	
10	42.95		68.701		200		3	0	1	4	/	8	
11	37.085		-2.112		3000		3	0	2	3	/	10	
12	77.759		55.817		67		3	0	1	/	1	
13	-17.462		-56.567		1540		3	0	2	5	/	12	
14	58.575		59.888		2510		2	0	3	4	5	/	25	
15	57.776		15.344		3067		3	0	1	2	3	/	16	
16	-22.327		36.072		3040		3	0	2	3	5	/	23	
17	-7.08		30.493		1540		3	0	2	5	/	12	
18	55.658		60.425		1567		3	0	1	2	/	6	
19	-14.307		11.456		520		1	0	4	5	/	15	
20	-29.724		24.268		1607		3	0	1	2	5	/	18	
21	43.219		0.739		107		3	0	1	5	/	9	
22	45.184		35.474		2250		2	0	3	/	3	
23	64.484		2.24		2250		2	0	3	/	3	
24	55.078		72.241		1500		3	0	2	/	2	
25	16.925		15.741		400		1	0	4	/	4	
26	45.038		-3.723		1567		3	0	1	2	/	6	
27	-76.782		5.939		240		3	0	1	4	5	/	21	
28	36.169		0.256		520		1	0	4	5	/	15	
29	29.218		8.936		1500		3	0	2	/	2	
30	65.057		5.225		1567		3	0	1	2	/	6	
31	42.175		-22.284		1673		3	0	2	4	5	/	24	
32	25.574		31.726		1540		3	0	2	5	/	12	
33	31.561		37.262		107		3	0	1	5	/	9	
34	66.498		-54.169		1700		3	0	1	2	4	/	17	
35	46.576		-17.938		3000		3	0	2	3	/	10	
36	65.063		40.875		2510		2	0	3	4	5	/	25	
37	-2.716		24.768		2450		2	0	3	4	/	13	
38	-40.002		3.87		2250		2	0	3	/	3	
39	-73.505		57.043		1633		3	0	2	4	/	11	
40	81.146		-25.714		1500		3	0	2	/	2	
41	12.006		-7.965		3000		3	0	2	3	/	10	
42	42.761		38.092		2310		2	0	3	5	/	14	
43	3.857		-23.181		1607		3	0	1	3	5	/	20	
44	-7.367		24.39		3133		3	0	2	3	4	/	22	
45	35.944		-11.835		67		3	0	1	/	1	
46	52.075		9.692		2310		2	0	3	5	/	14	
47	30.725		30.701		120		1	0	5	/	5	
48	41.223		77.924		1500		3	0	2	/	2	
49	68.884		-40.546		1567		3	0	1	3	/	7	
50	76.312		86.67		200		3	0	1	4	/	8	
51	63.934		78.54		2250		2	0	3	/	3	
52	29.15		-9.961		240		3	0	1	4	5	/	21	
53	85.522		39.954		2450		2	0	3	4	/	13	
54	31.775		3.87		240		3	0	1	4	5	/	21	
55	-20.544		19.086		3000		3	0	2	3	/	10	
56	55.353		43.817		120		1	0	5	/	5	
57	35.406		10.278		1607		3	0	1	2	5	/	18	
58	25.464		-0.287		120		1	0	5	/	5	
59	12.396		0.244		3040		3	0	2	3	5	/	23	
60	18.359		20.917		1700		3	0	1	2	4	/	17	
61	27.96		-15.039		1700		3	0	1	2	4	/	17	
62	-3.192		19.879		400		1	0	4	/	4	
63	9.332		-41.351		400		1	0	4	/	4	
64	-20.581		38.177		120		1	0	5	/	5	
65	27.82		28.729		2310		2	0	3	5	/	14	
66	59.027		42.31		107		3	0	1	5	/	9	
67	56.311		58.734		2250		2	0	3	/	3	
68	-51.654		-0.342		1567		3	0	1	3	/	7	
69	2.576		32.721		1700		3	0	1	2	4	/	17	
70	15.131		-3.046		1607		3	0	1	3	5	/	20	
71	66.595		34.937		2250		2	0	3	/	3	
72	19.476		20.142		3000		3	0	2	3	/	10	
73	-1.172		20.648		2250		2	0	3	/	3	
74	-21.204		13.66		120		1	0	5	/	5	
75	98.846		1.257		3000		3	0	2	3	/	10	
76	82.593		72.003		400		1	0	4	/	4	
77	30.017		-30.896		1700		3	0	1	2	4	/	17	
78	33.228		41.663		2450		2	0	3	4	/	13	
79	39.49		-8.539		1700		3	0	1	3	4	/	19	
80	54.498		70.813		3040		3	0	2	3	5	/	23	
81	3.058		10.248		520		1	0	4	5	/	15	
82	51.831		-16.87		1567		3	0	1	3	/	7	
83	76.416		11.346		1567		3	0	1	2	/	6	
84	5.243		0.238		400		1	0	4	/	4	
85	50.592		34.247		120		1	0	5	/	5	
86	-5.231		-2.081		2310		2	0	3	5	/	14	
87	24.194		25.836		2510		2	0	3	4	5	/	25	
88	33.63		37.585		2250		2	0	3	/	3	
89	31.445		-7.001		1700		3	0	1	2	4	/	17	
90	30.707		-28.168		3067		3	0	1	2	3	/	16	
91	49.86		1.038		400		1	0	4	/	4	
92	-35.767		14.142		2450		2	0	3	4	/	13	
93	-29.309		4.889		2450		2	0	3	4	/	13	
94	19.049		41.974		1567		3	0	1	2	/	6	
95	27.6		13.934		1500		3	0	2	/	2	
96	52.832		50.684		2250		2	0	3	/	3	
97	22.9943		55.0459		-1		-1	1	/	0	
98	-54.7997		80.5875		-1		-1	1	/	0	
99	-70.3575		-53.7873		-1		-1	1	/	0	
100	71.3238		89.2549		-1		-1	1	/	0	
101	90.58		23.0269		-1		-1	1	/	0	
102	25.3569		-23.933		-1		-1	1	/	0	
103	-35.7631		-50.5865		-1		-1	1	/	0	
104	-1.06802		-41.5058		-1		-1	1	/	0	
105	93.7117		-22.6784		-1		-1	1	/	0	
106	93.6073		70.8631		-1		-1	1	/	0	
107	-56.0155		17.1138		-1		-1	1	/	0	
108	61.3523		-40.8622		-1		-1	1	/	0	
109	70.6207		64.9117		-1		-1	1	/	0	
