144	21	180000	18000
5
0	-18.391		1.121		-1		-1	1	/	0	
1	-55.28		-24.371		3067		3	0	1	2	3	/	16	
2	-48.297		53.314		3067		3	0	1	2	3	/	16	
3	-49.072		-38.489		2250		2	0	3	/	3	
4	25.311		-18.561		2510		2	0	3	4	5	/	25	
5	-24.469		-3.815		3000		3	0	2	3	/	10	
6	24.591		-17.896		400		1	0	4	/	4	
7	-10.419		60.364		1500		3	0	2	/	2	
8	38.177		-35.175		1500		3	0	2	/	2	
9	-68.28		93.073		240		3	0	1	4	5	/	21	
10	-30.792		-57.336		2250		2	0	3	/	3	
11	-37.061		-12.122		2510		2	0	3	4	5	/	25	
12	-15.741		-47.638		1673		3	0	2	4	5	/	24	
13	-63.379		-22.919		2510		2	0	3	4	5	/	25	
14	-43.109		-43.439		120		1	0	5	/	5	
15	-25.623		13.599		2510		2	0	3	4	5	/	25	
16	-2.625		16.632		1567		3	0	1	3	/	7	
17	-41.577		-28.497		2450		2	0	3	4	/	13	
18	2.081		12.885		67		3	0	1	/	1	
19	3.925		-47.845		1540		3	0	2	5	/	12	
20	-83.295		26.324		67		3	0	1	/	1	
21	-6.458		26.355		240		3	0	1	4	5	/	21	
22	3.29		6.732		200		3	0	1	4	/	8	
23	-34.869		30.426		3067		3	0	1	2	3	/	16	
24	15.546		-36.273		400		1	0	4	/	4	
25	12.842		5.127		1567		3	0	1	3	/	7	
26	-48.45		-24.426		67		3	0	1	/	1	
27	-88.538		-10.461		1633		3	0	2	4	/	11	
28	-29.773		0.995		520		1	0	4	5	/	15	
29	9.827		38.416		2450		2	0	3	4	/	13	
30	1.41		92.938		107		3	0	1	5	/	9	
31	-79.303		15.381		2310		2	0	3	5	/	14	
32	-30.652		40.063		120		1	0	5	/	5	
33	18.927		21.637		1500		3	0	2	/	2	
34	45.087		-59.906		1607		3	0	1	3	5	/	20	
35	-34.949		-3.815		2250		2	0	3	/	3	
36	81.201		-74.744		1673		3	0	2	4	5	/	24	
37	15.594		-28.455		400		1	0	4	/	4	
38	-72.192		29.547		67		3	0	1	/	1	
39	-42.914		-22.675		2510		2	0	3	4	5	/	25	
40	-76.392		-57.489		1567		3	0	1	3	/	7	
41	-28.54		12.073		1607		3	0	1	3	5	/	20	
42	-61.389		26.526		2450		2	0	3	4	/	13	
43	-8.472		12.616		1633		3	0	2	4	/	11	
44	-61.475		33.392		120		1	0	5	/	5	
45	-34.674		-27.588		2510		2	0	3	4	5	/	25	
46	10.315		-12.518		1540		3	0	2	5	/	12	
47	-83.014		77.002		400		1	0	4	/	4	
48	-40.417		49.988		107		3	0	1	5	/	9	
49	83.832		33.905		3000		3	0	2	3	/	10	
50	-20.563		-75.83		240		3	0	1	4	5	/	21	
51	15.442		-18.719		67		3	0	1	/	1	
52	-59.937		-65.802		120		1	0	5	/	5	
53	5.151		47.815		1633		3	0	2	4	/	11	
54	46.008		14.99		2250		2	0	3	/	3	
55	82.977		-1.66		67		3	0	1	/	1	
56	39.893		-38.916		1673		3	0	2	4	5	/	24	
57	90.839		-83.539		240		3	0	1	4	5	/	21	
58	7.068		0.067		1700		3	0	1	3	4	/	19	
59	18.958		40.088		1700		3	0	1	3	4	/	19	
60	-80.487		58.209		3040		3	0	2	3	5	/	23	
61	64.459		-62.946		1567		3	0	1	2	/	6	
62	-43.616		-26.117		1567		3	0	1	3	/	7	
63	-18.408		10.303		120		1	0	5	/	5	
64	-43.921		63.251		107		3	0	1	5	/	9	
65	11.353		26.221		1700		3	0	1	2	4	/	17	
66	-6.995		38.239		1500		3	0	2	/	2	
67	74.084		-34.216		2450		2	0	3	4	/	13	
68	14.301		-0.8		2310		2	0	3	5	/	14	
69	-94.141		-48.779		2450		2	0	3	4	/	13	
70	15.332		-42.169		1700		3	0	1	3	4	/	19	
71	-46.637		-16.461		1700		3	0	1	3	4	/	19	
72	-0.958		-81		67		3	0	1	/	1	
73	-37.445		-42.505		2310		2	0	3	5	/	14	
74	-3.68		-69.073		120		1	0	5	/	5	
75	34.894		-20.898		3000		3	0	2	3	/	10	
76	45.544		51.41		1607		3	0	1	2	5	/	18	
77	-31.927		88.239		67		3	0	1	/	1	
78	-13.58		-26.959		1673		3	0	2	4	5	/	24	
79	12.653		-48.34		120		1	0	5	/	5	
80	-46.179		-38.269		1500		3	0	2	/	2	
81	-29.62		35.083		400		1	0	4	/	4	
82	13.696		43.988		200		3	0	1	4	/	8	
83	38.342		-46.338		520		1	0	4	5	/	15	
84	-26.227		24.506		1567		3	0	1	3	/	7	
85	90.009		-43.64		3040		3	0	2	3	5	/	23	
86	-6.995		22.522		2450		2	0	3	4	/	13	
87	-29.993		-28.851		67		3	0	1	/	1	
88	-56.268		-64.74		1607		3	0	1	2	5	/	18	
89	-87.415		90.796		3000		3	0	2	3	/	10	
90	-5.762		54.034		400		1	0	4	/	4	
91	-34.845		-27.185		2250		2	0	3	/	3	
92	-16.479		16.18		1567		3	0	1	3	/	7	
93	23.712		29.492		1567		3	0	1	3	/	7	
94	-40.991		46.594		3133		3	0	2	3	4	/	22	
95	-53.516		-21.619		2310		2	0	3	5	/	14	
96	-17.56		37.494		3067		3	0	1	2	3	/	16	
97	-37.311		56.836		3040		3	0	2	3	5	/	23	
98	71.515		22.51		1500		3	0	2	/	2	
99	-41.864		27.71		200		3	0	1	4	/	8	
100	14.819		-82.117		1607		3	0	1	2	5	/	18	
101	30.316		-55.322		1500		3	0	2	/	2	
102	-39.172		47.998		2510		2	0	3	4	5	/	25	
103	-94.415		15.192		1700		3	0	1	2	4	/	17	
104	-7.806		11.273		1700		3	0	1	2	4	/	17	
105	28.571		-49.908		1633		3	0	2	4	/	11	
106	-20.654		24.554		400		1	0	4	/	4	
107	-30.963		-18.903		1500		3	0	2	/	2	
108	1.721		-20.447		67		3	0	1	/	1	
109	-31.012		-21.106		2510		2	0	3	4	5	/	25	
110	-85.718		-28.015		1567		3	0	1	3	/	7	
111	58.826		-63.043		1633		3	0	2	4	/	11	
112	-15.753		-52.686		1607		3	0	1	2	5	/	18	
113	-71.661		51.184		200		3	0	1	4	/	8	
114	-92.633		-6.598		200		3	0	1	4	/	8	
115	33.508		-49.255		240		3	0	1	4	5	/	21	
116	59.314		54.095		1673		3	0	2	4	5	/	24	
117	30.737		-28.436		1500		3	0	2	/	2	
118	-55.896		18.457		520		1	0	4	5	/	15	
119	-89.96		-39.532		3040		3	0	2	3	5	/	23	
120	36.438		20.819		3040		3	0	2	3	5	/	23	
121	-53.674		-56.427		1567		3	0	1	3	/	7	
122	-31.866		32.538		3067		3	0	1	2	3	/	16	
123	5.658		12.756		1607		3	0	1	2	5	/	18	
124	-52.905		42.804		520		1	0	4	5	/	15	
125	47.131		-45.465		107		3	0	1	5	/	9	
126	30.792		9.869		67		3	0	1	/	1	
127	-45.209		-56.293		2450		2	0	3	4	/	13	
128	10.919		13.306		2310		2	0	3	5	/	14	
129	-32.99		-34.003		2510		2	0	3	4	5	/	25	
130	-40.869		30.579		67		3	0	1	/	1	
131	-69.348		80.408		200		3	0	1	4	/	8	
132	-58.966		-29.541		400		1	0	4	/	4	
133	-36.847		-33.71		400		1	0	4	/	4	
134	-21.82		65.369		1673		3	0	2	4	5	/	24	
135	22.98		-41.01		2250		2	0	3	/	3	
136	-77.557		59.814		1500		3	0	2	/	2	
137	-47.205		67.725		200		3	0	1	4	/	8	
138	-21.606		35.168		3000		3	0	2	3	/	10	
139	-55.676		-31.384		3000		3	0	2	3	/	10	
140	-85.229		88.788		3000		3	0	2	3	/	10	
141	-3.918		-63.525		107		3	0	1	5	/	9	
142	-58.557		59.375		1500		3	0	2	/	2	
143	-24.542		14.935		1500		3	0	2	/	2	
144	-48.779		16.968		1500		3	0	2	/	2	
145	43.9103		-62.0106		-1		-1	1	/	0	
146	44.7383		25.5778		-1		-1	1	/	0	
147	42.1774		-68.9679		-1		-1	1	/	0	
148	-6.41543		-60.3912		-1		-1	1	/	0	
149	38.3695		36.1965		-1		-1	1	/	0	
150	-36.829		88.5535		-1		-1	1	/	0	
151	-65.6871		-8.86722		-1		-1	1	/	0	
152	61.7126		64.2335		-1		-1	1	/	0	
153	81.178		37.3611		-1		-1	1	/	0	
154	57.5697		79.6656		-1		-1	1	/	0	
155	-72.3092		-76.7025		-1		-1	1	/	0	
156	5.81764		-35.6515		-1		-1	1	/	0	
157	-40.0812		-62.9169		-1		-1	1	/	0	
158	65.2207		-42.3292		-1		-1	1	/	0	
159	22.0292		-49.5803		-1		-1	1	/	0	
160	82.4284		-49.2829		-1		-1	1	/	0	
161	-71.7586		-41.0245		-1		-1	1	/	0	
162	-74.3677		64.3156		-1		-1	1	/	0	
163	-24.9409		36.7795		-1		-1	1	/	0	
164	47.8665		-78.0544		-1		-1	1	/	0	
