72	10	180000	18000
5
0	10.629		9.326		-1		-1	1	/	0	
1	-92.7		-59.18		1500		3	0	2	/	2	
2	71.179		12.543		400		1	0	4	/	4	
3	31.537		66.638		3067		3	0	1	2	3	/	16	
4	-4.694		25.537		1500		3	0	2	/	2	
5	-30.194		67.773		520		1	0	4	5	/	15	
6	12.677		-57.471		1633		3	0	2	4	/	11	
7	-32.355		-20.966		67		3	0	1	/	1	
8	19.91		48.975		1607		3	0	1	3	5	/	20	
9	13.202		-19.135		1500		3	0	2	/	2	
10	54.877		-41.168		2250		2	0	3	/	3	
11	15.063		-25.171		120		1	0	5	/	5	
12	-50.598		-16.418		2450		2	0	3	4	/	13	
13	-29.73		17.078		1500		3	0	2	/	2	
14	17.542		1.575		200		3	0	1	4	/	8	
15	11.127		77.216		1673		3	0	2	4	5	/	24	
16	33.752		71.259		1500		3	0	2	/	2	
17	-56.012		-10.394		3000		3	0	2	3	/	10	
18	57.874		-16.29		400		1	0	4	/	4	
19	10.718		-18.787		3000		3	0	2	3	/	10	
20	53.088		-18.75		67		3	0	1	/	1	
21	1.569		7.532		1607		3	0	1	2	5	/	18	
22	31.531		48.944		3040		3	0	2	3	5	/	23	
23	-66.833		-37.854		1500		3	0	2	/	2	
24	-70.74		62.244		1500		3	0	2	/	2	
25	32.538		23.096		1540		3	0	2	5	/	12	
26	-51.453		-36.444		3000		3	0	2	3	/	10	
27	36.456		-22.638		67		3	0	1	/	1	
28	-31.207		43.494		1607		3	0	1	3	5	/	20	
29	-10.388		34.491		1673		3	0	2	4	5	/	24	
30	14.722		-10.834		3067		3	0	1	2	3	/	16	
31	47.095		-21.387		2250		2	0	3	/	3	
32	43.781		34.766		400		1	0	4	/	4	
33	53.546		-67.487		3067		3	0	1	2	3	/	16	
34	26.801		46.515		1567		3	0	1	3	/	7	
35	63.385		11.981		520		1	0	4	5	/	15	
36	47.192		-5.475		2250		2	0	3	/	3	
37	-16.315		-11.267		1700		3	0	1	2	4	/	17	
38	78.9		17.651		2250		2	0	3	/	3	
39	79.822		22.272		3133		3	0	2	3	4	/	22	
40	12.878		16.919		3067		3	0	1	2	3	/	16	
41	-67.981		-3.754		3133		3	0	2	3	4	/	22	
42	9.198		-18.597		1567		3	0	1	2	/	6	
43	-35.95		-19.141		3000		3	0	2	3	/	10	
44	28.766		45.276		1500		3	0	2	/	2	
45	11.469		68.231		3000		3	0	2	3	/	10	
46	-22.76		45.496		67		3	0	1	/	1	
47	-65.674		-23.12		67		3	0	1	/	1	
48	7.239		1.599		400		1	0	4	/	4	
49	-29.785		-11.285		1700		3	0	1	3	4	/	19	
50	-89.05		16.211		107		3	0	1	5	/	9	
51	-46.887		-3.363		520		1	0	4	5	/	15	
52	-14.972		30.621		1500		3	0	2	/	2	
53	-17.035		49.774		1540		3	0	2	5	/	12	
54	31.635		53.619		400		1	0	4	/	4	
55	-3.577		13.342		240		3	0	1	4	5	/	21	
56	33.008		58.96		1500		3	0	2	/	2	
57	-92.95		63.263		120		1	0	5	/	5	
58	-9.137		-22.931		1500		3	0	2	/	2	
59	-39.96		6.195		1633		3	0	2	4	/	11	
60	28.43		-19.214		1700		3	0	1	3	4	/	19	
61	-28.54		-3.485		1700		3	0	1	3	4	/	19	
62	31.415		36.859		3067		3	0	1	2	3	/	16	
63	-49.426		60.602		1567		3	0	1	2	/	6	
64	-72.827		-27.765		120		1	0	5	/	5	
65	60.083		-45.905		3067		3	0	1	2	3	/	16	
66	10.87		-3.9		3040		3	0	2	3	5	/	23	
67	25.122		7.672		3040		3	0	2	3	5	/	23	
68	-46.997		-17.474		1500		3	0	2	/	2	
69	16.058		33.02		2510		2	0	3	4	5	/	25	
70	25.409		-11.7		67		3	0	1	/	1	
71	68.323		-5.145		1673		3	0	2	4	5	/	24	
72	-13.104		62.158		520		1	0	4	5	/	15	
73	31.4726		-51.3426		-1		-1	1	/	0	
74	-58.6734		70.9673		-1		-1	1	/	0	
75	-31.1372		-55.6533		-1		-1	1	/	0	
76	6.81845		40.7609		-1		-1	1	/	0	
77	-34.7323		28.4737		-1		-1	1	/	0	
78	0.456446		-28.3732		-1		-1	1	/	0	
79	-79.4046		7.58278		-1		-1	1	/	0	
80	49.794		51.6768		-1		-1	1	/	0	
81	-92.3371		3.14154		-1		-1	1	/	0	
