144	21	180000	18000
5
0	-12.167		-0.086		-1		-1	1	/	0	
1	-40.289		-42.303		240		3	0	1	4	5	/	21	
2	-64.709		-17.389		2450		2	0	3	4	/	13	
3	5.06		-14.349		1700		3	0	1	3	4	/	19	
4	72.095		20.233		2450		2	0	3	4	/	13	
5	2.594		-15.002		120		1	0	5	/	5	
6	-24.176		-72.894		1567		3	0	1	2	/	6	
7	-13.19		66.498		2450		2	0	3	4	/	13	
8	33.191		13.69		1540		3	0	2	5	/	12	
9	66.827		-30.554		3040		3	0	2	3	5	/	23	
10	19.934		35.883		120		1	0	5	/	5	
11	-27.771		32.269		3000		3	0	2	3	/	10	
12	51.154		-16.827		120		1	0	5	/	5	
13	-19.214		23.749		107		3	0	1	5	/	9	
14	-46.643		-52.954		2250		2	0	3	/	3	
15	-10.59		-16.626		1700		3	0	1	3	4	/	19	
16	35.15		12.622		2310		2	0	3	5	/	14	
17	-37.378		12.256		2310		2	0	3	5	/	14	
18	82.794		25.836		2310		2	0	3	5	/	14	
19	8.936		-3.723		2450		2	0	3	4	/	13	
20	-56.659		25.555		120		1	0	5	/	5	
21	-52.02		-40.137		200		3	0	1	4	/	8	
22	39.27		12.787		400		1	0	4	/	4	
23	19.757		21.228		2450		2	0	3	4	/	13	
24	-23.071		-12.659		1567		3	0	1	3	/	7	
25	15.686		52.374		400		1	0	4	/	4	
26	58.771		-7.056		1607		3	0	1	2	5	/	18	
27	-33.087		72.266		120		1	0	5	/	5	
28	2.551		46.851		1540		3	0	2	5	/	12	
29	-18.719		73.126		120		1	0	5	/	5	
30	-67.627		-20.679		1567		3	0	1	2	/	6	
31	-76.862		-11.365		240		3	0	1	4	5	/	21	
32	-24.194		-38.263		1500		3	0	2	/	2	
33	-20.374		-31.903		1500		3	0	2	/	2	
34	9.29		39.618		3067		3	0	1	2	3	/	16	
35	26.044		35.974		2510		2	0	3	4	5	/	25	
36	-57.385		-45.264		520		1	0	4	5	/	15	
37	1.489		-62.592		240		3	0	1	4	5	/	21	
38	34.937		13.672		67		3	0	1	/	1	
39	-22.29		45.648		120		1	0	5	/	5	
40	-5.92		44.061		2250		2	0	3	/	3	
41	-38.446		-23.541		3000		3	0	2	3	/	10	
42	28.894		33.936		120		1	0	5	/	5	
43	-35.388		-5.341		3000		3	0	2	3	/	10	
44	-19.501		13.519		120		1	0	5	/	5	
45	-9.216		-30.988		107		3	0	1	5	/	9	
46	-22.131		-17.065		400		1	0	4	/	4	
47	-22.827		36.81		120		1	0	5	/	5	
48	-61.365		-18.463		67		3	0	1	/	1	
49	50.128		-66.046		1540		3	0	2	5	/	12	
50	25.647		24.139		3133		3	0	2	3	4	/	22	
51	65.521		42.81		67		3	0	1	/	1	
52	-60.956		-47.925		3133		3	0	2	3	4	/	22	
53	-9.07		42.798		67		3	0	1	/	1	
54	-19.061		4.48		2510		2	0	3	4	5	/	25	
55	-54.071		-3.87		240		3	0	1	4	5	/	21	
56	-25.598		-18.866		1700		3	0	1	3	4	/	19	
57	-18.707		84.296		1567		3	0	1	3	/	7	
58	-70.184		-39.166		3133		3	0	2	3	4	/	22	
59	-14.636		-0.446		1700		3	0	1	3	4	/	19	
60	-76.465		-38.922		3000		3	0	2	3	/	10	
61	44.092		12.433		240		3	0	1	4	5	/	21	
62	-22.772		-50.867		200		3	0	1	4	/	8	
63	19.104		44.672		2250		2	0	3	/	3	
64	-44.019		-39.935		200		3	0	1	4	/	8	
65	-2.972		-4.059		240		3	0	1	4	5	/	21	
66	-24.261		35.907		200		3	0	1	4	/	8	
67	-61.877		-73.901		2250		2	0	3	/	3	
68	-5.64		-26.721		3040		3	0	2	3	5	/	23	
69	45.844		-36.835		2310		2	0	3	5	/	14	
70	-51.746		-79.84		1500		3	0	2	/	2	
71	-33.008		10.992		520		1	0	4	5	/	15	
72	-25.653		-0.372		1607		3	0	1	3	5	/	20	
73	-21.497		61.487		1633		3	0	2	4	/	11	
74	2.032		26.727		3067		3	0	1	2	3	/	16	
75	-26.758		14.807		2250		2	0	3	/	3	
76	-37.256		-44.861		1700		3	0	1	2	4	/	17	
77	-0.861		-16.418		3040		3	0	2	3	5	/	23	
78	-51.16		34.967		1607		3	0	1	3	5	/	20	
79	-41.266		-76.886		1633		3	0	2	4	/	11	
80	-30.255		74.701		400		1	0	4	/	4	
81	-46.368		-1.514		3133		3	0	2	3	4	/	22	
82	-71.619		73.077		1673		3	0	2	4	5	/	24	
83	-46.606		-39.948		2510		2	0	3	4	5	/	25	
84	-30.243		67.102		1700		3	0	1	2	4	/	17	
85	-40.997		-43.036		200		3	0	1	4	/	8	
86	-74.286		-52.307		67		3	0	1	/	1	
87	-17.609		-71.851		1607		3	0	1	3	5	/	20	
88	2.35		-81.805		3133		3	0	2	3	4	/	22	
89	-85.486		-54.059		120		1	0	5	/	5	
90	23.822		10.571		2510		2	0	3	4	5	/	25	
91	-24.53		-31.726		520		1	0	4	5	/	15	
92	-42.474		-15.009		1567		3	0	1	3	/	7	
93	-33.624		50.33		1700		3	0	1	3	4	/	19	
94	-81.458		-41.565		2510		2	0	3	4	5	/	25	
95	-73.505		-48.279		3133		3	0	2	3	4	/	22	
96	-3.052		70.898		1567		3	0	1	3	/	7	
97	0.946		25.458		2510		2	0	3	4	5	/	25	
98	-54.144		13.525		1633		3	0	2	4	/	11	
99	-30.634		7.526		3000		3	0	2	3	/	10	
100	-68.335		-34.277		1673		3	0	2	4	5	/	24	
101	7.178		57.935		240		3	0	1	4	5	/	21	
102	4.712		48.669		1540		3	0	2	5	/	12	
103	58.087		26.379		3000		3	0	2	3	/	10	
104	18.347		34.784		120		1	0	5	/	5	
105	-44.629		-61.975		400		1	0	4	/	4	
106	5.231		26.068		120		1	0	5	/	5	
107	-48.065		-36.755		107		3	0	1	5	/	9	
108	-3.589		-27.734		520		1	0	4	5	/	15	
109	9.808		36.896		2310		2	0	3	5	/	14	
110	59.46		1.233		1607		3	0	1	3	5	/	20	
111	-47.522		19.873		1567		3	0	1	2	/	6	
112	-48.431		-50.317		1673		3	0	2	4	5	/	24	
113	44.666		20.953		3000		3	0	2	3	/	10	
114	-19.226		32.77		1700		3	0	1	3	4	/	19	
115	-15.662		17.462		3067		3	0	1	2	3	/	16	
116	-91.669		77.722		3040		3	0	2	3	5	/	23	
117	-30.035		-78.284		1607		3	0	1	2	5	/	18	
118	73.663		32.941		3067		3	0	1	2	3	/	16	
119	22.4		-60.083		520		1	0	4	5	/	15	
120	61.206		-13.501		120		1	0	5	/	5	
121	22.131		-50.012		2250		2	0	3	/	3	
122	-6.317		56.665		400		1	0	4	/	4	
123	-20.471		12.885		240		3	0	1	4	5	/	21	
124	-61.084		-44.769		200		3	0	1	4	/	8	
125	-9.576		-19.366		400		1	0	4	/	4	
126	5.627		-88.501		1567		3	0	1	2	/	6	
127	-2.618		22.131		1673		3	0	2	4	5	/	24	
128	40.497		32.343		1567		3	0	1	2	/	6	
129	-3.296		36.774		1633		3	0	2	4	/	11	
130	-50.995		19.781		400		1	0	4	/	4	
131	-70.52		-3.809		1540		3	0	2	5	/	12	
132	4.205		0.812		67		3	0	1	/	1	
133	9.955		26.337		107		3	0	1	5	/	9	
134	13.538		-21.313		120		1	0	5	/	5	
135	-21.869		-18.768		1607		3	0	1	3	5	/	20	
136	-37.158		-30.768		2510		2	0	3	4	5	/	25	
137	-86.975		10.345		2450		2	0	3	4	/	13	
138	-47.272		-46.326		3040		3	0	2	3	5	/	23	
139	4.095		-19.354		520		1	0	4	5	/	15	
140	4.205		30.292		1700		3	0	1	2	4	/	17	
141	-42.017		53.986		3067		3	0	1	2	3	/	16	
142	35.095		-10.895		1607		3	0	1	2	5	/	18	
143	61.188		-59.875		240		3	0	1	4	5	/	21	
144	-34.674		-1.337		2450		2	0	3	4	/	13	
145	-71.3044		-7.53846		-1		-1	1	/	0	
146	-17.9853		83.5896		-1		-1	1	/	0	
147	-52.6757		49.5632		-1		-1	1	/	0	
148	70.0489		4.59724		-1		-1	1	/	0	
149	-17.9821		59.4605		-1		-1	1	/	0	
150	10.0109		-46.228		-1		-1	1	/	0	
151	76.1926		-25.8804		-1		-1	1	/	0	
152	64.5977		72.9259		-1		-1	1	/	0	
153	-77.7598		74.3471		-1		-1	1	/	0	
154	-22.9528		-61.4974		-1		-1	1	/	0	
155	28.1995		-62.6479		-1		-1	1	/	0	
156	-63.7466		71.4662		-1		-1	1	/	0	
157	-65.1789		-23.7508		-1		-1	1	/	0	
158	49.9253		-84.5876		-1		-1	1	/	0	
159	31.9964		-35.2012		-1		-1	1	/	0	
160	-23.7808		80.5614		-1		-1	1	/	0	
161	-47.8915		49.8345		-1		-1	1	/	0	
162	16.747		27.6788		-1		-1	1	/	0	
163	-58.6519		-58.3266		-1		-1	1	/	0	
164	69.8823		20.3375		-1		-1	1	/	0	
