12	3	180000	18000
5
0	30.219		24.786		-1		-1	1	/	0	
1	33.588		30.75		400		1	0	4	/	4	
2	48.828		65.314		3040		3	0	2	3	5	/	23	
3	86.176		59.344		2310		2	0	3	5	/	14	
4	39.27		-33.057		1540		3	0	2	5	/	12	
5	-23.37		86.853		240		3	0	1	4	5	/	21	
6	48.132		95.593		1700		3	0	1	2	4	/	17	
7	-16.357		93.311		1607		3	0	1	3	5	/	20	
8	-57.703		-65.601		400		1	0	4	/	4	
9	7.147		32.684		67		3	0	1	/	1	
10	42.95		68.701		200		3	0	1	4	/	8	
11	37.085		-2.112		3000		3	0	2	3	/	10	
12	77.759		55.817		67		3	0	1	/	1	
13	-17.462		-56.567		-1		-1	1	/	0	
14	58.575		59.888		-1		-1	1	/	0	
