12	3	180000	18000
5
0	10.629		9.326		-1		-1	1	/	0	
1	-92.7		-59.18		1500		3	0	2	/	2	
2	71.179		12.543		400		1	0	4	/	4	
3	31.537		66.638		3067		3	0	1	2	3	/	16	
4	-4.694		25.537		1500		3	0	2	/	2	
5	-30.194		67.773		520		1	0	4	5	/	15	
6	12.677		-57.471		1633		3	0	2	4	/	11	
7	-32.355		-20.966		67		3	0	1	/	1	
8	19.91		48.975		1607		3	0	1	3	5	/	20	
9	13.202		-19.135		1500		3	0	2	/	2	
10	54.877		-41.168		2250		2	0	3	/	3	
11	15.063		-25.171		120		1	0	5	/	5	
12	-50.598		-16.418		2450		2	0	3	4	/	13	
13	-29.73		17.078		-1		-1	1	/	0
14	17.542		1.575		-1		-1	1	/	0	
