51	7	180000	18000
5
0	30		40		-1		-1	1	/	0	
1	37		52		120		1	0	5	/	5	
2	49		49		400		1	0	4	/	4	
3	52		64		1633		3	0	2	4	/	11	
4	20		26		1633		3	0	2	4	/	11	
5	40		30		1700		3	0	1	2	4	/	17	
6	21		47		2450		2	0	3	4	/	13	
7	17		63		1540		3	0	2	5	/	12	
8	31		62		120		1	0	5	/	5	
9	52		33		240		3	0	1	4	5	/	21	
10	51		21		120		1	0	5	/	5	
11	42		41		1673		3	0	2	4	5	/	24	
12	31		32		1673		3	0	2	4	5	/	24	
13	5		25		1567		3	0	1	3	/	7	
14	12		42		3067		3	0	1	2	3	/	16	
15	36		16		107		3	0	1	5	/	9	
16	52		41		1567		3	0	1	3	/	7	
17	27		23		1607		3	0	1	3	5	/	20	
18	17		33		1700		3	0	1	3	4	/	19	
19	13		13		1700		3	0	1	3	4	/	19	
20	57		58		3040		3	0	2	3	5	/	23	
21	62		42		3040		3	0	2	3	5	/	23	
22	42		57		200		3	0	1	4	/	8	
23	16		57		400		1	0	4	/	4	
24	8		52		2310		2	0	3	5	/	14	
25	7		38		2310		2	0	3	5	/	14	
26	27		68		200		3	0	1	4	/	8	
27	30		48		2310		2	0	3	5	/	14	
28	43		67		1607		3	0	1	2	5	/	18	
29	58		48		1673		3	0	2	4	5	/	24	
30	58		27		3040		3	0	2	3	5	/	23	
31	37		69		1500		3	0	2	/	2	
32	38		46		3133		3	0	2	3	4	/	22	
33	46		10		107		3	0	1	5	/	9	
34	61		33		1500		3	0	2	/	2	
35	62		63		2250		2	0	3	/	3	
36	63		69		2250		2	0	3	/	3	
37	32		22		1673		3	0	2	4	5	/	24	
38	45		35		1567		3	0	1	3	/	7	
39	59		15		67		3	0	1	/	1	
40	5		6		1700		3	0	1	2	4	/	17	
41	10		17		1500		3	0	2	/	2	
42	21		10		3133		3	0	2	3	4	/	22	
43	5		64		2310		2	0	3	5	/	14	
44	30		15		2310		2	0	3	5	/	14	
45	39		10		2450		2	0	3	4	/	13	
46	32		39		1567		3	0	1	3	/	7	
47	25		32		3067		3	0	1	2	3	/	16	
48	25		55		1607		3	0	1	3	5	/	20	
49	48		28		1567		3	0	1	3	/	7	
50	56		37		1500		3	0	2	/	2	
51	30		40		3067		3	0	1	2	3	/	16	
52	9.01453		24.871		-1		-1	1	/	0	
53	33.5319		43.5865		-1		-1	1	/	0	
54	37.2842		28.6581		-1		-1	1	/	0	
55	8.96417		28.0043		-1		-1	1	/	0	
56	26.6967		6.79603		-1		-1	1	/	0	
57	37.0823		31.2409		-1		-1	1	/	0	
