50	7	180000	18000
5
0	30		40		-1		-1	1	/	0	
1	37		52		240		3	0	1	4	5	/	21	
2	49		49		1500		3	0	2	/	2	
3	52		64		1633		3	0	2	4	/	11	
4	20		26		1607		3	0	1	3	5	/	20	
5	40		30		2250		2	0	3	/	3	
6	21		47		67		3	0	1	/	1	
7	17		63		1607		3	0	1	3	5	/	20	
8	31		62		1500		3	0	2	/	2	
9	52		33		2250		2	0	3	/	3	
10	51		21		1540		3	0	2	5	/	12	
11	42		41		107		3	0	1	5	/	9	
12	31		32		1633		3	0	2	4	/	11	
13	5		25		520		1	0	4	5	/	15	
14	12		42		67		3	0	1	/	1	
15	36		16		1567		3	0	1	2	/	6	
16	52		41		1540		3	0	2	5	/	12	
17	27		23		200		3	0	1	4	/	8	
18	17		33		1607		3	0	1	3	5	/	20	
19	13		13		1500		3	0	2	/	2	
20	57		58		120		1	0	5	/	5	
21	62		42		3067		3	0	1	2	3	/	16	
22	42		57		2250		2	0	3	/	3	
23	16		57		1700		3	0	1	2	4	/	17	
24	8		52		67		3	0	1	/	1	
25	7		38		520		1	0	4	5	/	15	
26	27		68		67		3	0	1	/	1	
27	30		48		3067		3	0	1	2	3	/	16	
28	43		67		2510		2	0	3	4	5	/	25	
29	58		48		1540		3	0	2	5	/	12	
30	58		27		1673		3	0	2	4	5	/	24	
31	37		69		67		3	0	1	/	1	
32	38		46		3067		3	0	1	2	3	/	16	
33	46		10		2450		2	0	3	4	/	13	
34	61		33		120		1	0	5	/	5	
35	62		63		3133		3	0	2	3	4	/	22	
36	63		69		2250		2	0	3	/	3	
37	32		22		3000		3	0	2	3	/	10	
38	45		35		1673		3	0	2	4	5	/	24	
39	59		15		1567		3	0	1	3	/	7	
40	5		6		120		1	0	5	/	5	
41	10		17		2510		2	0	3	4	5	/	25	
42	21		10		2250		2	0	3	/	3	
43	5		64		1673		3	0	2	4	5	/	24	
44	30		15		120		1	0	5	/	5	
45	39		10		120		1	0	5	/	5	
46	32		39		3067		3	0	1	2	3	/	16	
47	25		32		1567		3	0	1	3	/	7	
48	25		55		240		3	0	1	4	5	/	21	
49	48		28		1607		3	0	1	3	5	/	20	
50	56		37		3040		3	0	2	3	5	/	23	
51	24.8146		67.0389		-1		-1	1	/	0	
52	56.9512		63.2484		-1		-1	1	/	0	
53	56.7759		9.4302		-1		-1	1	/	0	
54	45.0998		10.0371		-1		-1	1	/	0	
55	11.1186		20.6344		-1		-1	1	/	0	
56	36.3657		43.736		-1		-1	1	/	0	
