50	7	180000	18000
5
0	30		40		-1		-1	1	/	0	
1	37		52		520		1	0	4	5	/	15	
2	49		49		520		1	0	4	5	/	15	
3	52		64		1700		3	0	1	2	4	/	17	
4	20		26		3067		3	0	1	2	3	/	16	
5	40		30		67		3	0	1	/	1	
6	21		47		400		1	0	4	/	4	
7	17		63		3067		3	0	1	2	3	/	16	
8	31		62		107		3	0	1	5	/	9	
9	52		33		3133		3	0	2	3	4	/	22	
10	51		21		2510		2	0	3	4	5	/	25	
11	42		41		2250		2	0	3	/	3	
12	31		32		1500		3	0	2	/	2	
13	5		25		1567		3	0	1	3	/	7	
14	12		42		1633		3	0	2	4	/	11	
15	36		16		2250		2	0	3	/	3	
16	52		41		1700		3	0	1	3	4	/	19	
17	27		23		2510		2	0	3	4	5	/	25	
18	17		33		2250		2	0	3	/	3	
19	13		13		107		3	0	1	5	/	9	
20	57		58		1633		3	0	2	4	/	11	
21	62		42		2310		2	0	3	5	/	14	
22	42		57		1607		3	0	1	2	5	/	18	
23	16		57		1540		3	0	2	5	/	12	
24	8		52		1607		3	0	1	2	5	/	18	
25	7		38		1567		3	0	1	3	/	7	
26	27		68		1567		3	0	1	3	/	7	
27	30		48		1700		3	0	1	2	4	/	17	
28	43		67		3040		3	0	2	3	5	/	23	
29	58		48		1607		3	0	1	3	5	/	20	
30	58		27		120		1	0	5	/	5	
31	37		69		1673		3	0	2	4	5	/	24	
32	38		46		1607		3	0	1	2	5	/	18	
33	46		10		1633		3	0	2	4	/	11	
34	61		33		1607		3	0	1	2	5	/	18	
35	62		63		107		3	0	1	5	/	9	
36	63		69		120		1	0	5	/	5	
37	32		22		200		3	0	1	4	/	8	
38	45		35		400		1	0	4	/	4	
39	59		15		2510		2	0	3	4	5	/	25	
40	5		6		2310		2	0	3	5	/	14	
41	10		17		120		1	0	5	/	5	
42	21		10		2510		2	0	3	4	5	/	25	
43	5		64		240		3	0	1	4	5	/	21	
44	30		15		1500		3	0	2	/	2	
45	39		10		107		3	0	1	5	/	9	
46	32		39		240		3	0	1	4	5	/	21	
47	25		32		3067		3	0	1	2	3	/	16	
48	25		55		2310		2	0	3	5	/	14	
49	48		28		67		3	0	1	/	1	
50	56		37		1500		3	0	2	/	2	
51	57.3214		31.5321		-1		-1	1	/	0	
52	43.8847		67.3621		-1		-1	1	/	0	
53	17.6614		31.8847		-1		-1	1	/	0	
54	17.8969		15.8122		-1		-1	1	/	0	
55	36.5128		40.6008		-1		-1	1	/	0	
56	47.7231		52.1111		-1		-1	1	/	0	
