20	3	180000	18000
5
0	0		0		-1		-1	1	/	0	
1	10		0		3000		3	0	2	3	/	10	
2	-10		0		2250		2	0	3	/	3	
3	50		0		240		3	0	1	4	5	/	21	
4	-50		0		3133		3	0	2	3	4	/	22	
5	17.321		10		3000		3	0	2	3	/	10	
6	-17.321		10		400		1	0	4	/	4	
7	-17.321		-10		3000		3	0	2	3	/	10	
8	17.321		-10		1567		3	0	1	2	/	6	
9	34.641		20		2310		2	0	3	5	/	14	
10	-34.641		20		67		3	0	1	/	1	
11	-34.641		-20		3133		3	0	2	3	4	/	22	
12	34.641		-20		240		3	0	1	4	5	/	21	
13	28.978		7.765		3067		3	0	1	2	3	/	16	
14	21.213		21.213		67		3	0	1	/	1	
15	-21.213		21.213		3067		3	0	1	2	3	/	16	
16	-28.978		7.765		2310		2	0	3	5	/	14	
17	-28.978		-7.765		3067		3	0	1	2	3	/	16	
18	-21.213		-21.213		2510		2	0	3	4	5	/	25	
19	21.213		-21.213		1673		3	0	2	4	5	/	24	
20	28.978		-7.765		1633		3	0	2	4	/	11	
21	17.0252		4.79497		-1		-1	1	/	0	
22	-0.169472		13.2336		-1		-1	1	/	0	
