38	5	180000	18000
5
0	0		0		-1		-1	1	/	0	
1	10		0		3067		3	0	1	2	3	/	16	
2	-10		0		1500		3	0	2	/	2	
3	50		0		3067		3	0	1	2	3	/	16	
4	-50		0		1607		3	0	1	2	5	/	18	
5	90		0		1500		3	0	2	/	2	
6	-90		0		2450		2	0	3	4	/	13	
7	17.321		10		1700		3	0	1	2	4	/	17	
8	-17.321		10		520		1	0	4	5	/	15	
9	-17.321		-10		1700		3	0	1	2	4	/	17	
10	17.321		-10		1633		3	0	2	4	/	11	
11	34.641		20		1607		3	0	1	3	5	/	20	
12	-34.641		20		1700		3	0	1	2	4	/	17	
13	-34.641		-20		1500		3	0	2	/	2	
14	34.641		-20		200		3	0	1	4	/	8	
15	51.962		30		1700		3	0	1	2	4	/	17	
16	-51.962		30		400		1	0	4	/	4	
17	-51.962		-30		1567		3	0	1	2	/	6	
18	51.962		-30		2310		2	0	3	5	/	14	
19	69.282		40		3040		3	0	2	3	5	/	23	
20	-69.282		40		1607		3	0	1	3	5	/	20	
21	-69.282		-40		107		3	0	1	5	/	9	
22	69.282		-40		400		1	0	4	/	4	
23	28.978		7.765		3133		3	0	2	3	4	/	22	
24	21.213		21.213		1500		3	0	2	/	2	
25	-21.213		21.213		2250		2	0	3	/	3	
26	-28.978		7.765		2510		2	0	3	4	5	/	25	
27	-28.978		-7.765		67		3	0	1	/	1	
28	-21.213		-21.213		107		3	0	1	5	/	9	
29	21.213		-21.213		1633		3	0	2	4	/	11	
30	28.978		-7.765		3040		3	0	2	3	5	/	23	
31	67.615		18.117		240		3	0	1	4	5	/	21	
32	49.497		49.497		1500		3	0	2	/	2	
33	-49.497		49.497		1540		3	0	2	5	/	12	
34	-67.615		18.117		2310		2	0	3	5	/	14	
35	-67.615		-18.117		3040		3	0	2	3	5	/	23	
36	-49.497		-49.497		2450		2	0	3	4	/	13	
37	49.497		-49.497		3133		3	0	2	3	4	/	22	
38	67.615		-18.117		2250		2	0	3	/	3	
39	19.6039		3.26217		-1		-1	1	/	0	
40	-37.0934		-33.8018		-1		-1	1	/	0	
41	-29.0791		40.1271		-1		-1	1	/	0	
42	28.4059		23.7048		-1		-1	1	/	0	
