56	8	180000	18000
5
0	0		0		-1		-1	1	/	0	
1	10		0		3133		3	0	2	3	4	/	22	
2	-10		0		1540		3	0	2	5	/	12	
3	50		0		120		1	0	5	/	5	
4	-50		0		1500		3	0	2	/	2	
5	90		0		3067		3	0	1	2	3	/	16	
6	-90		0		400		1	0	4	/	4	
7	130		0		3000		3	0	2	3	/	10	
8	-130		0		2450		2	0	3	4	/	13	
9	17.321		10		120		1	0	5	/	5	
10	-17.321		10		2310		2	0	3	5	/	14	
11	-17.321		-10		200		3	0	1	4	/	8	
12	17.321		-10		1633		3	0	2	4	/	11	
13	34.641		20		400		1	0	4	/	4	
14	-34.641		20		2250		2	0	3	/	3	
15	-34.641		-20		400		1	0	4	/	4	
16	34.641		-20		200		3	0	1	4	/	8	
17	51.962		30		400		1	0	4	/	4	
18	-51.962		30		120		1	0	5	/	5	
19	-51.962		-30		120		1	0	5	/	5	
20	51.962		-30		107		3	0	1	5	/	9	
21	69.282		40		1567		3	0	1	2	/	6	
22	-69.282		40		107		3	0	1	5	/	9	
23	-69.282		-40		1700		3	0	1	2	4	/	17	
24	69.282		-40		1700		3	0	1	2	4	/	17	
25	86.603		50		3133		3	0	2	3	4	/	22	
26	-86.603		50		107		3	0	1	5	/	9	
27	-86.603		-50		1673		3	0	2	4	5	/	24	
28	86.603		-50		1567		3	0	1	2	/	6	
29	103.923		60		107		3	0	1	5	/	9	
30	-103.923		60		3133		3	0	2	3	4	/	22	
31	-103.923		-60		2450		2	0	3	4	/	13	
32	103.923		-60		1500		3	0	2	/	2	
33	28.978		7.765		200		3	0	1	4	/	8	
34	21.213		21.213		1540		3	0	2	5	/	12	
35	-21.213		21.213		1633		3	0	2	4	/	11	
36	-28.978		7.765		400		1	0	4	/	4	
37	-28.978		-7.765		2250		2	0	3	/	3	
38	-21.213		-21.213		2310		2	0	3	5	/	14	
39	21.213		-21.213		2450		2	0	3	4	/	13	
40	28.978		-7.765		3067		3	0	1	2	3	/	16	
41	67.615		18.117		400		1	0	4	/	4	
42	49.497		49.497		520		1	0	4	5	/	15	
43	-49.497		49.497		67		3	0	1	/	1	
44	-67.615		18.117		400		1	0	4	/	4	
45	-67.615		-18.117		3067		3	0	1	2	3	/	16	
46	-49.497		-49.497		2310		2	0	3	5	/	14	
47	49.497		-49.497		400		1	0	4	/	4	
48	67.615		-18.117		1567		3	0	1	3	/	7	
49	106.252		28.47		3133		3	0	2	3	4	/	22	
50	77.782		77.782		1500		3	0	2	/	2	
51	-77.782		77.782		1700		3	0	1	3	4	/	19	
52	-106.252		28.47		400		1	0	4	/	4	
53	-106.252		-28.47		1700		3	0	1	2	4	/	17	
54	-77.782		-77.782		1700		3	0	1	2	4	/	17	
55	77.782		-77.782		240		3	0	1	4	5	/	21	
56	106.252		-28.47		1673		3	0	2	4	5	/	24	
57	-94.8332		73.8142		-1		-1	1	/	0	
58	66.02		21.721		-1		-1	1	/	0	
59	-52.8715		45.0022		-1		-1	1	/	0	
60	60.9385		53.11		-1		-1	1	/	0	
61	-62.214		64.0296		-1		-1	1	/	0	
62	122.029		50.2756		-1		-1	1	/	0	
63	-70.859		68.855		-1		-1	1	/	0	
