40	6	180000	18000
5
0	0		0		-1		-1	1	/	0	
1	10		0		1567		3	0	1	3	/	7	
2	0		10		2450		2	0	3	4	/	13	
3	-10		0		1700		3	0	1	3	4	/	19	
4	-0		-10		400		1	0	4	/	4	
5	50		0		107		3	0	1	5	/	9	
6	0		50		3040		3	0	2	3	5	/	23	
7	-50		0		2250		2	0	3	/	3	
8	-0		-50		520		1	0	4	5	/	15	
9	19.319		5.176		1607		3	0	1	2	5	/	18	
10	5.176		19.319		120		1	0	5	/	5	
11	-5.176		19.319		1607		3	0	1	2	5	/	18	
12	-19.319		5.176		3133		3	0	2	3	4	/	22	
13	-19.319		-5.176		120		1	0	5	/	5	
14	-5.176		-19.319		1633		3	0	2	4	/	11	
15	5.176		-19.319		400		1	0	4	/	4	
16	19.319		-5.176		1700		3	0	1	2	4	/	17	
17	38.637		10.353		3000		3	0	2	3	/	10	
18	10.353		38.637		1607		3	0	1	3	5	/	20	
19	-10.353		38.637		400		1	0	4	/	4	
20	-38.637		10.353		1700		3	0	1	3	4	/	19	
21	-38.637		-10.353		1607		3	0	1	3	5	/	20	
22	-10.353		-38.637		400		1	0	4	/	4	
23	10.353		-38.637		1673		3	0	2	4	5	/	24	
24	38.637		-10.353		120		1	0	5	/	5	
25	29.743		3.916		120		1	0	5	/	5	
26	27.716		11.481		120		1	0	5	/	5	
27	11.481		27.716		3000		3	0	2	3	/	10	
28	3.916		29.743		67		3	0	1	/	1	
29	-3.916		29.743		3067		3	0	1	2	3	/	16	
30	-11.481		27.716		107		3	0	1	5	/	9	
31	-27.716		11.481		67		3	0	1	/	1	
32	-29.743		3.916		3133		3	0	2	3	4	/	22	
33	-29.743		-3.916		2250		2	0	3	/	3	
34	-27.716		-11.481		2310		2	0	3	5	/	14	
35	-11.481		-27.716		3000		3	0	2	3	/	10	
36	-3.916		-29.743		1500		3	0	2	/	2	
37	3.916		-29.743		3067		3	0	1	2	3	/	16	
38	11.481		-27.716		3067		3	0	1	2	3	/	16	
39	27.716		-11.481		1500		3	0	2	/	2	
40	29.743		-3.916		3133		3	0	2	3	4	/	22	
41	-23.643		-45.7784		-1		-1	1	/	0	
42	-27.4151		14.7676		-1		-1	1	/	0	
43	-27.4653		46.2426		-1		-1	1	/	0	
44	-1.23139		-6.89176		-1		-1	1	/	0	
45	-39.6116		21.9315		-1		-1	1	/	0	
