60	9	180000	18000
5
0	0		0		-1		-1	1	/	0	
1	10		0		120		1	0	5	/	5	
2	5		8.66		1500		3	0	2	/	2	
3	-5		8.66		2250		2	0	3	/	3	
4	-10		0		2310		2	0	3	5	/	14	
5	-5		-8.66		2450		2	0	3	4	/	13	
6	5		-8.66		1700		3	0	1	3	4	/	19	
7	50		0		1700		3	0	1	3	4	/	19	
8	25		43.301		1540		3	0	2	5	/	12	
9	-25		43.301		1607		3	0	1	3	5	/	20	
10	-50		0		520		1	0	4	5	/	15	
11	-25		-43.301		1567		3	0	1	3	/	7	
12	25		-43.301		3067		3	0	1	2	3	/	16	
13	19.696		3.473		107		3	0	1	5	/	9	
14	12.856		15.321		1673		3	0	2	4	5	/	24	
15	6.84		18.794		67		3	0	1	/	1	
16	-6.84		18.794		2250		2	0	3	/	3	
17	-12.856		15.321		400		1	0	4	/	4	
18	-19.696		3.473		400		1	0	4	/	4	
19	-19.696		-3.473		1633		3	0	2	4	/	11	
20	-12.856		-15.321		1607		3	0	1	3	5	/	20	
21	-6.84		-18.794		1500		3	0	2	/	2	
22	6.84		-18.794		1567		3	0	1	2	/	6	
23	12.856		-15.321		1607		3	0	1	2	5	/	18	
24	19.696		-3.473		107		3	0	1	5	/	9	
25	39.392		6.946		3000		3	0	2	3	/	10	
26	25.712		30.642		1607		3	0	1	3	5	/	20	
27	13.681		37.588		240		3	0	1	4	5	/	21	
28	-13.681		37.588		240		3	0	1	4	5	/	21	
29	-25.712		30.642		3040		3	0	2	3	5	/	23	
30	-39.392		6.946		67		3	0	1	/	1	
31	-39.392		-6.946		2510		2	0	3	4	5	/	25	
32	-25.712		-30.642		107		3	0	1	5	/	9	
33	-13.681		-37.588		400		1	0	4	/	4	
34	13.681		-37.588		1633		3	0	2	4	/	11	
35	25.712		-30.642		2510		2	0	3	4	5	/	25	
36	39.392		-6.946		3000		3	0	2	3	/	10	
37	29.886		2.615		240		3	0	1	4	5	/	21	
38	28.978		7.765		2450		2	0	3	4	/	13	
39	21.213		21.213		3133		3	0	2	3	4	/	22	
40	17.207		24.575		1500		3	0	2	/	2	
41	12.679		27.189		240		3	0	1	4	5	/	21	
42	7.765		28.978		1633		3	0	2	4	/	11	
43	-7.765		28.978		1673		3	0	2	4	5	/	24	
44	-12.679		27.189		1700		3	0	1	2	4	/	17	
45	-17.207		24.575		2310		2	0	3	5	/	14	
46	-21.213		21.213		2250		2	0	3	/	3	
47	-28.978		7.765		67		3	0	1	/	1	
48	-29.886		2.615		1540		3	0	2	5	/	12	
49	-29.886		-2.615		120		1	0	5	/	5	
50	-28.978		-7.765		1607		3	0	1	2	5	/	18	
51	-21.213		-21.213		1633		3	0	2	4	/	11	
52	-17.207		-24.575		3040		3	0	2	3	5	/	23	
53	-12.679		-27.189		1633		3	0	2	4	/	11	
54	-7.765		-28.978		3000		3	0	2	3	/	10	
55	7.765		-28.978		1607		3	0	1	3	5	/	20	
56	12.679		-27.189		107		3	0	1	5	/	9	
57	17.207		-24.575		3040		3	0	2	3	5	/	23	
58	21.213		-21.213		1607		3	0	1	3	5	/	20	
59	28.978		-7.765		3000		3	0	2	3	/	10	
60	29.886		-2.615		240		3	0	1	4	5	/	21	
61	44.4016		-22.9644		-1		-1	1	/	0	
62	12.9578		-32.5649		-1		-1	1	/	0	
63	41.6949		17.7326		-1		-1	1	/	0	
64	-45.3269		-14.611		-1		-1	1	/	0	
65	38.4184		1.85038		-1		-1	1	/	0	
66	15.087		-18.1926		-1		-1	1	/	0	
67	0.0239886		-26.3828		-1		-1	1	/	0	
68	0.451752		14.7607		-1		-1	1	/	0	
