51	7	180000	18000
5
0	0		0		-1		-1	1	/	0	
1	57.735		0		2310		2	0	3	5	/	14	
2	28.867		50		1633		3	0	2	4	/	11	
3	-28.867		50		107		3	0	1	5	/	9	
4	-57.735		0		2510		2	0	3	4	5	/	25	
5	-28.867		-50		1700		3	0	1	2	4	/	17	
6	28.867		-50		1500		3	0	2	/	2	
7	86.603		50		1540		3	0	2	5	/	12	
8	0		100		1567		3	0	1	3	/	7	
9	-86.603		50		1567		3	0	1	3	/	7	
10	-86.603		-50		1633		3	0	2	4	/	11	
11	-0		-100		400		1	0	4	/	4	
12	86.603		-50		1607		3	0	1	2	5	/	18	
13	0		40		1540		3	0	2	5	/	12	
14	-34.641		-20		1700		3	0	1	3	4	/	19	
15	34.641		-20		240		3	0	1	4	5	/	21	
16	67.169		27.887		1700		3	0	1	2	4	/	17	
17	77.169		22.113		3067		3	0	1	2	3	/	16	
18	57.735		55.773		1700		3	0	1	2	4	/	17	
19	57.735		44.226		3133		3	0	2	3	4	/	22	
20	19.434		77.887		3133		3	0	2	3	4	/	22	
21	9.434		72.113		1540		3	0	2	5	/	12	
22	-19.434		77.887		1633		3	0	2	4	/	11	
23	-9.434		72.113		400		1	0	4	/	4	
24	-57.735		55.773		120		1	0	5	/	5	
25	-57.735		44.226		3000		3	0	2	3	/	10	
26	-67.169		27.887		3133		3	0	2	3	4	/	22	
27	-77.169		22.113		120		1	0	5	/	5	
28	-77.169		-22.113		400		1	0	4	/	4	
29	-67.169		-27.887		520		1	0	4	5	/	15	
30	-57.735		-44.226		1633		3	0	2	4	/	11	
31	-57.735		-55.774		1607		3	0	1	3	5	/	20	
32	-9.434		-72.113		3133		3	0	2	3	4	/	22	
33	-19.434		-77.887		1633		3	0	2	4	/	11	
34	9.434		-72.113		3067		3	0	1	2	3	/	16	
35	19.434		-77.887		1700		3	0	1	3	4	/	19	
36	57.735		-44.226		200		3	0	1	4	/	8	
37	57.735		-55.774		400		1	0	4	/	4	
38	77.169		-22.113		2250		2	0	3	/	3	
39	67.169		-27.887		200		3	0	1	4	/	8	
40	13.434		47.887		3067		3	0	1	2	3	/	16	
41	15.434		42.113		1567		3	0	1	3	/	7	
42	-13.434		47.887		1700		3	0	1	3	4	/	19	
43	-15.434		42.113		2250		2	0	3	/	3	
44	-44.188		-7.691		200		3	0	1	4	/	8	
45	-48.188		-12.309		520		1	0	4	5	/	15	
46	-28.754		-34.423		400		1	0	4	/	4	
47	-34.754		-35.577		520		1	0	4	5	/	15	
48	28.754		-34.423		200		3	0	1	4	/	8	
49	34.754		-35.577		1500		3	0	2	/	2	
50	44.188		-7.691		1500		3	0	2	/	2	
51	48.188		-12.309		1700		3	0	1	3	4	/	19	
52	56.8481		-32.0989		-1		-1	1	/	0	
53	-1.63285		56.0976		-1		-1	1	/	0	
54	-58.2607		89.6533		-1		-1	1	/	0	
55	47.6941		-73.9484		-1		-1	1	/	0	
56	38.2778		-53.3494		-1		-1	1	/	0	
57	33.2128		-10.6579		-1		-1	1	/	0	
