51	7	180000	18000
5
0	0		0		-1		-1	1	/	0	
1	57.735		0		240		3	0	1	4	5	/	21	
2	28.867		50		240		3	0	1	4	5	/	21	
3	-28.867		50		2310		2	0	3	5	/	14	
4	-57.735		0		1500		3	0	2	/	2	
5	-28.867		-50		3067		3	0	1	2	3	/	16	
6	28.867		-50		107		3	0	1	5	/	9	
7	86.603		50		2250		2	0	3	/	3	
8	0		100		1607		3	0	1	3	5	/	20	
9	-86.603		50		400		1	0	4	/	4	
10	-86.603		-50		1540		3	0	2	5	/	12	
11	-0		-100		107		3	0	1	5	/	9	
12	86.603		-50		2310		2	0	3	5	/	14	
13	0		40		520		1	0	4	5	/	15	
14	-34.641		-20		400		1	0	4	/	4	
15	34.641		-20		520		1	0	4	5	/	15	
16	67.169		27.887		1607		3	0	1	2	5	/	18	
17	77.169		22.113		1673		3	0	2	4	5	/	24	
18	57.735		55.773		2250		2	0	3	/	3	
19	57.735		44.226		2450		2	0	3	4	/	13	
20	19.434		77.887		120		1	0	5	/	5	
21	9.434		72.113		240		3	0	1	4	5	/	21	
22	-19.434		77.887		2450		2	0	3	4	/	13	
23	-9.434		72.113		240		3	0	1	4	5	/	21	
24	-57.735		55.773		2250		2	0	3	/	3	
25	-57.735		44.226		520		1	0	4	5	/	15	
26	-67.169		27.887		67		3	0	1	/	1	
27	-77.169		22.113		1700		3	0	1	3	4	/	19	
28	-77.169		-22.113		1567		3	0	1	2	/	6	
29	-67.169		-27.887		3000		3	0	2	3	/	10	
30	-57.735		-44.226		3067		3	0	1	2	3	/	16	
31	-57.735		-55.774		400		1	0	4	/	4	
32	-9.434		-72.113		2510		2	0	3	4	5	/	25	
33	-19.434		-77.887		67		3	0	1	/	1	
34	9.434		-72.113		120		1	0	5	/	5	
35	19.434		-77.887		3067		3	0	1	2	3	/	16	
36	57.735		-44.226		1700		3	0	1	3	4	/	19	
37	57.735		-55.774		1633		3	0	2	4	/	11	
38	77.169		-22.113		67		3	0	1	/	1	
39	67.169		-27.887		3000		3	0	2	3	/	10	
40	13.434		47.887		240		3	0	1	4	5	/	21	
41	15.434		42.113		2250		2	0	3	/	3	
42	-13.434		47.887		1540		3	0	2	5	/	12	
43	-15.434		42.113		107		3	0	1	5	/	9	
44	-44.188		-7.691		67		3	0	1	/	1	
45	-48.188		-12.309		520		1	0	4	5	/	15	
46	-28.754		-34.423		1700		3	0	1	2	4	/	17	
47	-34.754		-35.577		240		3	0	1	4	5	/	21	
48	28.754		-34.423		3133		3	0	2	3	4	/	22	
49	34.754		-35.577		1567		3	0	1	2	/	6	
50	44.188		-7.691		120		1	0	5	/	5	
51	48.188		-12.309		520		1	0	4	5	/	15	
52	-27.4115		55.5611		-1		-1	1	/	0	
53	-55.7179		87.1039		-1		-1	1	/	0	
54	76.2911		-14.7574		-1		-1	1	/	0	
55	80.3258		-80.7055		-1		-1	1	/	0	
56	-47.0211		-80.3905		-1		-1	1	/	0	
57	-13.2232		-56.1268		-1		-1	1	/	0	
