51	7	180000	18000
5
0	0		0		-1		-1	1	/	0	
1	57.735		0		67		3	0	1	/	1	
2	28.867		50		1607		3	0	1	2	5	/	18	
3	-28.867		50		400		1	0	4	/	4	
4	-57.735		0		1633		3	0	2	4	/	11	
5	-28.867		-50		3040		3	0	2	3	5	/	23	
6	28.867		-50		1673		3	0	2	4	5	/	24	
7	86.603		50		1500		3	0	2	/	2	
8	0		100		2450		2	0	3	4	/	13	
9	-86.603		50		400		1	0	4	/	4	
10	-86.603		-50		1567		3	0	1	3	/	7	
11	-0		-100		120		1	0	5	/	5	
12	86.603		-50		200		3	0	1	4	/	8	
13	0		40		120		1	0	5	/	5	
14	-34.641		-20		1633		3	0	2	4	/	11	
15	34.641		-20		240		3	0	1	4	5	/	21	
16	67.169		27.887		2250		2	0	3	/	3	
17	77.169		22.113		1567		3	0	1	3	/	7	
18	57.735		55.773		1700		3	0	1	2	4	/	17	
19	57.735		44.226		67		3	0	1	/	1	
20	19.434		77.887		1567		3	0	1	2	/	6	
21	9.434		72.113		2310		2	0	3	5	/	14	
22	-19.434		77.887		3133		3	0	2	3	4	/	22	
23	-9.434		72.113		200		3	0	1	4	/	8	
24	-57.735		55.773		2310		2	0	3	5	/	14	
25	-57.735		44.226		3133		3	0	2	3	4	/	22	
26	-67.169		27.887		1500		3	0	2	/	2	
27	-77.169		22.113		3067		3	0	1	2	3	/	16	
28	-77.169		-22.113		520		1	0	4	5	/	15	
29	-67.169		-27.887		2250		2	0	3	/	3	
30	-57.735		-44.226		1567		3	0	1	2	/	6	
31	-57.735		-55.774		3040		3	0	2	3	5	/	23	
32	-9.434		-72.113		3067		3	0	1	2	3	/	16	
33	-19.434		-77.887		1540		3	0	2	5	/	12	
34	9.434		-72.113		1673		3	0	2	4	5	/	24	
35	19.434		-77.887		2510		2	0	3	4	5	/	25	
36	57.735		-44.226		1500		3	0	2	/	2	
37	57.735		-55.774		107		3	0	1	5	/	9	
38	77.169		-22.113		2250		2	0	3	/	3	
39	67.169		-27.887		1700		3	0	1	3	4	/	19	
40	13.434		47.887		3000		3	0	2	3	/	10	
41	15.434		42.113		2510		2	0	3	4	5	/	25	
42	-13.434		47.887		1540		3	0	2	5	/	12	
43	-15.434		42.113		120		1	0	5	/	5	
44	-44.188		-7.691		67		3	0	1	/	1	
45	-48.188		-12.309		1500		3	0	2	/	2	
46	-28.754		-34.423		1673		3	0	2	4	5	/	24	
47	-34.754		-35.577		67		3	0	1	/	1	
48	28.754		-34.423		3040		3	0	2	3	5	/	23	
49	34.754		-35.577		400		1	0	4	/	4	
50	44.188		-7.691		1607		3	0	1	3	5	/	20	
51	48.188		-12.309		120		1	0	5	/	5	
52	59.2237		-99.8141		-1		-1	1	/	0	
53	23.3017		-99.2427		-1		-1	1	/	0	
54	70.133		26.6381		-1		-1	1	/	0	
55	30.7196		61.3621		-1		-1	1	/	0	
56	59.6165		41.6186		-1		-1	1	/	0	
57	-61.6983		-38.2187		-1		-1	1	/	0	
