48	7	180000	18000
5
0	-10.442		19.999		-1		-1	1	/	0	
1	-29.73		64.136		3067		3	0	1	2	3	/	16	
2	-30.664		5.463		2510		2	0	3	4	5	/	25	
3	51.642		5.469		400		1	0	4	/	4	
4	-13.171		69.336		120		1	0	5	/	5	
5	-67.413		68.323		1567		3	0	1	2	/	6	
6	48.907		6.274		67		3	0	1	/	1	
7	5.243		22.26		400		1	0	4	/	4	
8	-65.002		77.234		3040		3	0	2	3	5	/	23	
9	-4.175		-1.569		3040		3	0	2	3	5	/	23	
10	23.029		11.639		1607		3	0	1	2	5	/	18	
11	25.482		6.287		107		3	0	1	5	/	9	
12	-42.615		-26.392		2510		2	0	3	4	5	/	25	
13	-76.672		99.341		240		3	0	1	4	5	/	21	
14	-20.673		57.892		2510		2	0	3	4	5	/	25	
15	-52.039		6.567		400		1	0	4	/	4	
16	-41.376		50.824		400		1	0	4	/	4	
17	-91.943		27.588		1607		3	0	1	2	5	/	18	
18	-65.118		30.212		2510		2	0	3	4	5	/	25	
19	18.597		96.716		400		1	0	4	/	4	
20	-40.942		83.209		1633		3	0	2	4	/	11	
21	-37.756		-33.325		2310		2	0	3	5	/	14	
22	23.767		29.083		3133		3	0	2	3	4	/	22	
23	-43.03		20.453		1500		3	0	2	/	2	
24	-35.297		-24.896		2310		2	0	3	5	/	14	
25	-54.755		14.368		3040		3	0	2	3	5	/	23	
26	-49.329		33.374		2450		2	0	3	4	/	13	
27	57.404		23.822		120		1	0	5	/	5	
28	-22.754		55.408		2510		2	0	3	4	5	/	25	
29	-56.622		73.34		520		1	0	4	5	/	15	
30	-38.562		-3.705		107		3	0	1	5	/	9	
31	-16.779		19.537		3067		3	0	1	2	3	/	16	
32	-11.56		11.615		240		3	0	1	4	5	/	21	
33	-46.545		97.974		67		3	0	1	/	1	
34	16.229		9.32		2250		2	0	3	/	3	
35	1.294		7.349		1633		3	0	2	4	/	11	
36	-26.404		29.529		1567		3	0	1	2	/	6	
37	4.352		14.685		2510		2	0	3	4	5	/	25	
38	-50.665		-23.126		1673		3	0	2	4	5	/	24	
39	-22.833		-9.814		240		3	0	1	4	5	/	21	
40	-71.1		-18.616		2510		2	0	3	4	5	/	25	
41	-7.849		32.074		2310		2	0	3	5	/	14	
42	11.877		-24.933		3040		3	0	2	3	5	/	23	
43	-18.927		-23.73		120		1	0	5	/	5	
44	-11.92		11.755		1607		3	0	1	3	5	/	20	
45	29.84		11.633		200		3	0	1	4	/	8	
46	12.268		-55.811		1633		3	0	2	4	/	11	
47	-37.933		-21.613		1700		3	0	1	3	4	/	19	
48	42.883		-2.966		2450		2	0	3	4	/	13	
49	-34.6145		-6.9931		-1		-1	1	/	0	
50	15.5271		76.6495		-1		-1	1	/	0	
51	-61.178		-42.3683		-1		-1	1	/	0	
52	-28.9551		-40.502		-1		-1	1	/	0	
53	7.25808		-20.0791		-1		-1	1	/	0	
54	-16.2665		-35.9054		-1		-1	1	/	0	
