163	24	180000	18000
5
0	13.54		7.07		-1		-1	1	/	0	
1	-20.61		-8.04		200		3	0	1	4	/	8	
2	-21.23		-8.15		400		1	0	4	/	4	
3	-21.63		-8.15		400		1	0	4	/	4	
4	-22.14		-8.32		520		1	0	4	5	/	15	
5	-37.43		-11.44		1567		3	0	1	3	/	7	
6	-35.33		-12.91		120		1	0	5	/	5	
7	-34.48		-10.99		3000		3	0	2	3	/	10	
8	-19.53		-15.12		1700		3	0	1	3	4	/	19	
9	-17.21		-13.42		2250		2	0	3	/	3	
10	-16.59		-16.76		1700		3	0	1	2	4	/	17	
11	-17.27		-17.33		1700		3	0	1	3	4	/	19	
12	-17.44		-17.78		2510		2	0	3	4	5	/	25	
13	-17.84		-18.23		120		1	0	5	/	5	
14	-16.08		-19.59		3067		3	0	1	2	3	/	16	
15	-16.08		-15.57		2510		2	0	3	4	5	/	25	
16	-15.35		-20.84		240		3	0	1	4	5	/	21	
17	-17.84		-20.89		3040		3	0	2	3	5	/	23	
18	-19.93		-24.91		2250		2	0	3	/	3	
19	-24.01		-24.01		67		3	0	1	/	1	
20	-25.76		-22.31		2450		2	0	3	4	/	13	
21	-25.82		-24.01		2510		2	0	3	4	5	/	25	
22	-26.16		-28.37		400		1	0	4	/	4	
23	-26.16		-29.27		2450		2	0	3	4	/	13	
24	-28.59		-31.71		120		1	0	5	/	5	
25	-31.26		-33.41		2250		2	0	3	/	3	
26	-28.99		-31.2		120		1	0	5	/	5	
27	-22.25		-28.26		520		1	0	4	5	/	15	
28	-19.42		-25.03		2450		2	0	3	4	/	13	
29	-16.82		-19.99		1500		3	0	2	/	2	
30	-15.97		-25.08		2250		2	0	3	/	3	
31	-10.53		-29.44		2250		2	0	3	/	3	
32	-10.53		-25.03		1500		3	0	2	/	2	
33	-11.55		-22.65		120		1	0	5	/	5	
34	-10.53		-22.2		67		3	0	1	/	1	
35	-12.46		-17.5		3040		3	0	2	3	5	/	23	
36	-9.06		-10.87		2310		2	0	3	5	/	14	
37	-9.97		-12.91		107		3	0	1	5	/	9	
38	-7.64		-12.63		3040		3	0	2	3	5	/	23	
39	-5.55		-15.23		1700		3	0	1	3	4	/	19	
40	-2.72		-9.63		3133		3	0	2	3	4	/	22	
41	-2.77		-19.25		1607		3	0	1	2	5	/	18	
42	-2.72		-20.84		107		3	0	1	5	/	9	
43	-6.57		-28.48		1673		3	0	2	4	5	/	24	
44	-6.57		-34.94		1633		3	0	2	4	/	11	
45	3.4		-36.13		200		3	0	1	4	/	8	
46	5.04		-28.43		240		3	0	1	4	5	/	21	
47	1.25		-26.16		1567		3	0	1	3	/	7	
48	9.12		-24.46		1567		3	0	1	3	/	7	
49	9.29		-23.78		1500		3	0	2	/	2	
50	9.23		-23.22		120		1	0	5	/	5	
51	7.64		-23.73		2450		2	0	3	4	/	13	
52	8.04		-22.31		3040		3	0	2	3	5	/	23	
53	6.85		-22.48		107		3	0	1	5	/	9	
54	6.79		-22.48		2250		2	0	3	/	3	
55	6.62		-21.74		1633		3	0	2	4	/	11	
56	5.78		-21.74		520		1	0	4	5	/	15	
57	5.72		-20.84		2250		2	0	3	/	3	
58	3.91		-20.67		67		3	0	1	/	1	
59	4.64		-20.05		1540		3	0	2	5	/	12	
60	6		-20.61		2250		2	0	3	/	3	
61	6.34		-20.61		520		1	0	4	5	/	15	
62	8.15		-20.61		1607		3	0	1	2	5	/	18	
63	8.66		-15.57		1700		3	0	1	2	4	/	17	
64	7.19		-20.72		3000		3	0	2	3	/	10	
65	7.19		-20.78		400		1	0	4	/	4	
66	7.25		-21.29		3000		3	0	2	3	/	10	
67	7.59		-21.18		67		3	0	1	/	1	
68	8.04		-21.4		400		1	0	4	/	4	
69	8.04		-21.35		2450		2	0	3	4	/	13	
70	8.04		-21.46		400		1	0	4	/	4	
71	8.1		-21.46		120		1	0	5	/	5	
72	15.74		-22.03		2250		2	0	3	/	3	
73	11.78		-20.89		240		3	0	1	4	5	/	21	
74	13.14		-22.08		2250		2	0	3	/	3	
75	12.91		-22.88		1700		3	0	1	3	4	/	19	
76	13.36		-25.54		2250		2	0	3	/	3	
77	16.53		-24.46		2510		2	0	3	4	5	/	25	
78	16.53		-24.97		2250		2	0	3	/	3	
79	16.76		-25.93		1500		3	0	2	/	2	
80	16.53		-43.88		120		1	0	5	/	5	
81	18.01		-21.4		1540		3	0	2	5	/	12	
82	7.02		-19.59		67		3	0	1	/	1	
83	6.97		-19.08		2250		2	0	3	/	3	
84	6.46		-19.59		1567		3	0	1	3	/	7	
85	6.34		-19.53		3067		3	0	1	2	3	/	16	
86	7.87		-17.33		520		1	0	4	5	/	15	
87	9		-16.36		1607		3	0	1	3	5	/	20	
88	5.1		-16.93		2250		2	0	3	/	3	
89	5.15		-15.97		200		3	0	1	4	/	8	
90	1.25		-12.34		1633		3	0	2	4	/	11	
91	2.15		-10.87		1567		3	0	1	2	/	6	
92	5.1		-10.99		120		1	0	5	/	5	
93	5.1		-11.15		3067		3	0	1	2	3	/	16	
94	3.79		-8.49		1500		3	0	2	/	2	
95	4.42		-9		1500		3	0	2	/	2	
96	5.27		-10.08		1700		3	0	1	3	4	/	19	
97	5.66		-10.42		1500		3	0	2	/	2	
98	6.29		-10.02		1567		3	0	1	2	/	6	
99	6.4		-9.4		3133		3	0	2	3	4	/	22	
100	7.02		-9.06		1607		3	0	1	3	5	/	20	
101	16.76		-13.02		2250		2	0	3	/	3	
102	16.76		-16.65		120		1	0	5	/	5	
103	32.22		0.14		2250		2	0	3	/	3	
104	12.46		-1.13		2310		2	0	3	5	/	14	
105	-1.13		-8.66		3067		3	0	1	2	3	/	16	
106	-2.61		-12.29		120		1	0	5	/	5	
107	-2.77		-10.99		1540		3	0	2	5	/	12	
108	-4.08		-10.87		1567		3	0	1	3	/	7	
109	-3.17		-8.95		1540		3	0	2	5	/	12	
110	5.15		-9.57		120		1	0	5	/	5	
111	-6.74		-9.97		2250		2	0	3	/	3	
112	-10.47		-11.38		1500		3	0	2	/	2	
113	-10.42		-9.74		1500		3	0	2	/	2	
114	-15.23		-10.25		67		3	0	1	/	1	
115	-13.25		-9.63		2510		2	0	3	4	5	/	25	
116	-13.25		-10.82		520		1	0	4	5	/	15	
117	-9.57		-8.83		1700		3	0	1	2	4	/	17	
118	-8.04		-8.32		1567		3	0	1	2	/	6	
119	-9		-8.1		520		1	0	4	5	/	15	
120	-10.25		-7.53		400		1	0	4	/	4	
121	-10.19		-7.7		3000		3	0	2	3	/	10	
122	-10.31		-7.53		200		3	0	1	4	/	8	
123	-9.8		-7.14		1500		3	0	2	/	2	
124	-9.46		-7.93		400		1	0	4	/	4	
125	-8.83		-5.89		1567		3	0	1	2	/	6	
126	-8.55		-7.19		107		3	0	1	5	/	9	
127	-5.04		-5.83		67		3	0	1	/	1	
128	-2.61		-5.83		2250		2	0	3	/	3	
129	-4.3		-2.72		1567		3	0	1	2	/	6	
130	-2.72		-2.21		2510		2	0	3	4	5	/	25	
131	-1.7		-1.98		1540		3	0	2	5	/	12	
132	-2.09		-1.19		240		3	0	1	4	5	/	21	
133	3.79		0.17		1700		3	0	1	3	4	/	19	
134	4.47		0.79		1673		3	0	2	4	5	/	24	
135	2.66		4.53		1567		3	0	1	2	/	6	
136	1.25		2.26		400		1	0	4	/	4	
137	-18.97		-12.46		3000		3	0	2	3	/	10	
138	-15.12		-7.14		200		3	0	1	4	/	8	
139	-14.78		-7.53		400		1	0	4	/	4	
140	-14.84		-6.57		107		3	0	1	5	/	9	
141	-14.16		-6.4		67		3	0	1	/	1	
142	-14.16		-6.23		67		3	0	1	/	1	
143	-12.51		-6.23		2250		2	0	3	/	3	
144	-12.46		-6.12		1500		3	0	2	/	2	
145	-11.67		-6.34		1540		3	0	2	5	/	12	
146	-16.42		-4.13		1607		3	0	1	3	5	/	20	
147	-12.17		-4.13		1567		3	0	1	3	/	7	
148	-11.32		-4.64		1540		3	0	2	5	/	12	
149	-10.36		-4.59		1607		3	0	1	2	5	/	18	
150	-8.61		-3.4		67		3	0	1	/	1	
151	-8.55		-3.74		200		3	0	1	4	/	8	
152	-8.1		-1.3		2250		2	0	3	/	3	
153	-8.1		-1.36		1567		3	0	1	3	/	7	
154	-6.46		-3.96		107		3	0	1	5	/	9	
155	-5.89		-3.45		2310		2	0	3	5	/	14	
156	-4.98		-2.49		120		1	0	5	/	5	
157	-6.62		-3.34		3133		3	0	2	3	4	/	22	
158	-6.51		-2.89		2510		2	0	3	4	5	/	25	
159	-6.51		-1.08		67		3	0	1	/	1	
160	-6.51		1.08		200		3	0	1	4	/	8	
161	-5.1		2.26		2450		2	0	3	4	/	13	
162	-5.15		3.45		1500		3	0	2	/	2	
163	-4.13		3.91		107		3	0	1	5	/	9	
164	-22.6625		2.31219		-1		-1	1	/	0	
165	-27.4863		-17.8274		-1		-1	1	/	0	
166	-5.84883		-19.0013		-1		-1	1	/	0	
167	20.3565		2.38846		-1		-1	1	/	0	
168	-2.2979		-4.66729		-1		-1	1	/	0	
169	-8.80844		-39.9155		-1		-1	1	/	0	
170	-13.9463		-32.956		-1		-1	1	/	0	
171	17.8892		-30.858		-1		-1	1	/	0	
172	-19.4422		-8.42373		-1		-1	1	/	0	
173	18.4223		-24.5757		-1		-1	1	/	0	
174	22.4103		-11.7691		-1		-1	1	/	0	
175	-17.7328		-8.57774		-1		-1	1	/	0	
176	-32.6218		-31.8249		-1		-1	1	/	0	
177	-33.4471		-2.50947		-1		-1	1	/	0	
178	-1.27533		-0.565615		-1		-1	1	/	0	
179	-22.2525		-33.4125		-1		-1	1	/	0	
180	-5.20771		-4.62124		-1		-1	1	/	0	
181	20.7337		-10.4512		-1		-1	1	/	0	
182	-6.87899		-42.5444		-1		-1	1	/	0	
183	26.8708		-27.7939		-1		-1	1	/	0	
184	-17.0278		-43.8203		-1		-1	1	/	0	
185	-20.1772		-3.57806		-1		-1	1	/	0	
186	10.353		-34.0566		-1		-1	1	/	0	
