417	62	180000	18000
5
0	330.37		850.34		-1		-1	1	/	0	
1	347.7		866.17		400		1	0	4	/	4	
2	348.17		876.69		120		1	0	5	/	5	
3	336.67		858.33		1633		3	0	2	4	/	11	
4	323.9		870.08		1500		3	0	2	/	2	
5	332.33		875.95		200		3	0	1	4	/	8	
6	338.4		872.79		2310		2	0	3	5	/	14	
7	305.23		879.03		1673		3	0	2	4	5	/	24	
8	341.82		867.99		1500		3	0	2	/	2	
9	318.26		866.27		1607		3	0	1	3	5	/	20	
10	329.9		858.65		1567		3	0	1	2	/	6	
11	318.79		851.51		3133		3	0	2	3	4	/	22	
12	335.42		865.29		400		1	0	4	/	4	
13	340.09		860.66		2450		2	0	3	4	/	13	
14	337.59		870.54		1673		3	0	2	4	5	/	24	
15	335.11		868.13		1673		3	0	2	4	5	/	24	
16	333.73		866.09		400		1	0	4	/	4	
17	310		872.58		3040		3	0	2	3	5	/	23	
18	344.46		857.15		67		3	0	1	/	1	
19	312.81		862.56		2510		2	0	3	4	5	/	25	
20	335.63		868.14		520		1	0	4	5	/	15	
21	344.42		869.42		120		1	0	5	/	5	
22	343.22		865.01		1673		3	0	2	4	5	/	24	
23	348.06		869.73		3067		3	0	1	2	3	/	16	
24	314.31		869.26		1540		3	0	2	5	/	12	
25	335.46		867.57		1633		3	0	2	4	/	11	
26	331.48		853.64		2450		2	0	3	4	/	13	
27	341.71		861.55		120		1	0	5	/	5	
28	344.83		858.59		3040		3	0	2	3	5	/	23	
29	331.99		875.32		1607		3	0	1	3	5	/	20	
30	339.53		860.2		67		3	0	1	/	1	
31	348.06		869.73		2450		2	0	3	4	/	13	
32	347.3		877.01		1540		3	0	2	5	/	12	
33	345.54		869.81		1567		3	0	1	2	/	6	
34	328.46		866.38		400		1	0	4	/	4	
35	304.1		872.87		67		3	0	1	/	1	
36	304.26		872.24		120		1	0	5	/	5	
37	344.8		853.47		520		1	0	4	5	/	15	
38	347.06		853.66		1500		3	0	2	/	2	
39	347.69		849.67		3067		3	0	1	2	3	/	16	
40	342.49		887.19		107		3	0	1	5	/	9	
41	312.45		854.26		67		3	0	1	/	1	
42	324.7		850.13		2250		2	0	3	/	3	
43	346.78		865.68		240		3	0	1	4	5	/	21	
44	348.17		876.69		2310		2	0	3	5	/	14	
45	347.25		865.78		3000		3	0	2	3	/	10	
46	347.15		866.27		1700		3	0	1	2	4	/	17	
47	347.25		865.78		1633		3	0	2	4	/	11	
48	347.15		866.27		2250		2	0	3	/	3	
49	347.25		865.78		2310		2	0	3	5	/	14	
50	348.17		876.69		1700		3	0	1	2	4	/	17	
51	336.69		858.38		1607		3	0	1	2	5	/	18	
52	331.99		875.32		2250		2	0	3	/	3	
53	323.3		862.71		1540		3	0	2	5	/	12	
54	323.91		862.5		3067		3	0	1	2	3	/	16	
55	347.54		876.75		2510		2	0	3	4	5	/	25	
56	326.08		854.5		1567		3	0	1	3	/	7	
57	331.99		875.32		1500		3	0	2	/	2	
58	318.06		859.41		1607		3	0	1	2	5	/	18	
59	313.92		856.82		120		1	0	5	/	5	
60	324.64		864.58		2510		2	0	3	4	5	/	25	
61	323.61		863.37		1607		3	0	1	2	5	/	18	
62	323.91		862.5		400		1	0	4	/	4	
63	323.71		863.02		3000		3	0	2	3	/	10	
64	342.62		862.05		1607		3	0	1	3	5	/	20	
65	313.09		858.09		1700		3	0	1	3	4	/	19	
66	312.45		854.26		2310		2	0	3	5	/	14	
67	328.41		851.7		1567		3	0	1	3	/	7	
68	306.98		881.66		2450		2	0	3	4	/	13	
69	306.67		881		3000		3	0	2	3	/	10	
70	306.12		882.06		3133		3	0	2	3	4	/	22	
71	338.16		857.6		2310		2	0	3	5	/	14	
72	308.94		877.77		1700		3	0	1	3	4	/	19	
73	312.83		864.52		2510		2	0	3	4	5	/	25	
74	345.05		877.29		3040		3	0	2	3	5	/	23	
75	310.9		870.66		520		1	0	4	5	/	15	
76	304.05		876.82		200		3	0	1	4	/	8	
77	334.3		861.01		400		1	0	4	/	4	
78	313.09		857.13		1700		3	0	1	3	4	/	19	
79	325.2		862.03		1700		3	0	1	3	4	/	19	
80	343.44		863.11		1500		3	0	2	/	2	
81	336.55		868.09		1633		3	0	2	4	/	11	
82	346.89		866.91		1567		3	0	1	3	/	7	
83	325.11		878.49		1700		3	0	1	3	4	/	19	
84	332.75		863.54		120		1	0	5	/	5	
85	334.44		869.74		2250		2	0	3	/	3	
86	334.65		869.12		2450		2	0	3	4	/	13	
87	324.09		862.78		3067		3	0	1	2	3	/	16	
88	336.21		866.17		3067		3	0	1	2	3	/	16	
89	315.28		878.83		200		3	0	1	4	/	8	
90	332.01		867.88		120		1	0	5	/	5	
91	345.54		869.81		2250		2	0	3	/	3	
92	325.19		858.87		67		3	0	1	/	1	
93	329.42		871.33		1500		3	0	2	/	2	
94	319.19		877.42		107		3	0	1	5	/	9	
95	306.74		878.92		1673		3	0	2	4	5	/	24	
96	336.87		878.31		2510		2	0	3	4	5	/	25	
97	341.38		879.86		107		3	0	1	5	/	9	
98	333.86		866.09		200		3	0	1	4	/	8	
99	334.11		868.98		240		3	0	1	4	5	/	21	
100	336.67		866.67		1567		3	0	1	2	/	6	
101	335.33		867.67		2250		2	0	3	/	3	
102	308.11		880.89		2450		2	0	3	4	/	13	
103	347.32		869.73		107		3	0	1	5	/	9	
104	310.24		874.94		240		3	0	1	4	5	/	21	
105	345.54		869.81		3067		3	0	1	2	3	/	16	
106	314.17		860.72		120		1	0	5	/	5	
107	326.08		854.5		1700		3	0	1	2	4	/	17	
108	335.78		867.59		520		1	0	4	5	/	15	
109	346.57		860.24		2450		2	0	3	4	/	13	
110	338.16		856.6		200		3	0	1	4	/	8	
111	304.1		882.76		3133		3	0	2	3	4	/	22	
112	306.47		881.52		1700		3	0	1	3	4	/	19	
113	342.29		876.21		67		3	0	1	/	1	
114	306.96		880.96		1500		3	0	2	/	2	
115	323.61		863.37		1607		3	0	1	3	5	/	20	
116	339.84		859.51		3133		3	0	2	3	4	/	22	
117	310.38		858.5		400		1	0	4	/	4	
118	331.67		863.24		1500		3	0	2	/	2	
119	335.5		868		1607		3	0	1	3	5	/	20	
120	315.58		852.49		1673		3	0	2	4	5	/	24	
121	335.84		863.91		1633		3	0	2	4	/	11	
122	339.16		864.46		1567		3	0	1	2	/	6	
123	312.5		854.33		1607		3	0	1	2	5	/	18	
124	341.52		856.78		1700		3	0	1	2	4	/	17	
125	323.63		862.96		120		1	0	5	/	5	
126	323.63		862.96		520		1	0	4	5	/	15	
127	336.69		858.38		2250		2	0	3	/	3	
128	336.69		858.38		2450		2	0	3	4	/	13	
129	328.28		857.53		2310		2	0	3	5	/	14	
130	317.17		862.62		2250		2	0	3	/	3	
131	323.33		862.83		1673		3	0	2	4	5	/	24	
132	326.41		853.78		2510		2	0	3	4	5	/	25	
133	310.06		863.24		67		3	0	1	/	1	
134	339.2		878		520		1	0	4	5	/	15	
135	321.38		857.1		107		3	0	1	5	/	9	
136	330.98		867.54		120		1	0	5	/	5	
137	349.78		857.63		2450		2	0	3	4	/	13	
138	330.75		868.44		1700		3	0	1	3	4	/	19	
139	313.63		853.34		520		1	0	4	5	/	15	
140	317.21		858.16		1607		3	0	1	3	5	/	20	
141	326.31		873.53		67		3	0	1	/	1	
142	339.28		856.11		3040		3	0	2	3	5	/	23	
143	346.57		860.24		1500		3	0	2	/	2	
144	328.57		851.99		1540		3	0	2	5	/	12	
145	350		910		400		1	0	4	/	4	
146	307.75		852.35		2510		2	0	3	4	5	/	25	
147	305.17		864.77		200		3	0	1	4	/	8	
148	303.64		871.76		2450		2	0	3	4	/	13	
149	307.19		861.15		67		3	0	1	/	1	
150	306.46		870.75		1500		3	0	2	/	2	
151	303.68		872		520		1	0	4	5	/	15	
152	308.87		856.62		1540		3	0	2	5	/	12	
153	304.18		865.45		3067		3	0	1	2	3	/	16	
154	304.26		872.24		67		3	0	1	/	1	
155	306.07		866.03		1700		3	0	1	3	4	/	19	
156	302.54		856.47		3067		3	0	1	2	3	/	16	
157	301.56		856.47		2250		2	0	3	/	3	
158	297.96		852.92		1500		3	0	2	/	2	
159	301.67		858		1567		3	0	1	3	/	7	
160	307.03		848.42		3133		3	0	2	3	4	/	22	
161	304.44		850.44		67		3	0	1	/	1	
162	301.56		856.47		3040		3	0	2	3	5	/	23	
163	301.56		856.47		1567		3	0	1	3	/	7	
164	306.07		866.03		1700		3	0	1	2	4	/	17	
165	307.6		865.66		200		3	0	1	4	/	8	
166	304.41		865.76		67		3	0	1	/	1	
167	301.67		858		1500		3	0	2	/	2	
168	303.68		872		3067		3	0	1	2	3	/	16	
169	297.26		849.93		2310		2	0	3	5	/	14	
170	309.6		855.14		2310		2	0	3	5	/	14	
171	303.68		872		2450		2	0	3	4	/	13	
172	304.17		872.33		2250		2	0	3	/	3	
173	332.45		842.53		3133		3	0	2	3	4	/	22	
174	326.24		836.56		2250		2	0	3	/	3	
175	330.37		850.34		1700		3	0	1	2	4	/	17	
176	320.72		842.27		107		3	0	1	5	/	9	
177	319.65		837.82		1633		3	0	2	4	/	11	
178	325.53		838.89		67		3	0	1	/	1	
179	324.77		849.47		107		3	0	1	5	/	9	
180	324.57		837.33		1673		3	0	2	4	5	/	24	
181	322.5		834.67		2310		2	0	3	5	/	14	
182	333.64		847.87		3040		3	0	2	3	5	/	23	
183	335.81		850.79		2250		2	0	3	/	3	
184	313.77		849.42		520		1	0	4	5	/	15	
185	336.77		840.03		1700		3	0	1	2	4	/	17	
186	339.86		833.79		1607		3	0	1	3	5	/	20	
187	339.3		845.35		1567		3	0	1	2	/	6	
188	326.24		836.55		1700		3	0	1	2	4	/	17	
189	330.52		841.65		3133		3	0	2	3	4	/	22	
190	336.67		842.83		67		3	0	1	/	1	
191	323.88		833.51		400		1	0	4	/	4	
192	338.83		845.33		1500		3	0	2	/	2	
193	338.83		845.33		1607		3	0	1	2	5	/	18	
194	335.73		844.16		120		1	0	5	/	5	
195	336.67		847.17		1540		3	0	2	5	/	12	
196	336.67		843.67		3000		3	0	2	3	/	10	
197	338.21		841.17		1540		3	0	2	5	/	12	
198	338.53		840.22		240		3	0	1	4	5	/	21	
199	338.06		837.59		2310		2	0	3	5	/	14	
200	338		841.67		1633		3	0	2	4	/	11	
201	317.74		844.41		240		3	0	1	4	5	/	21	
202	339.4		842.07		120		1	0	5	/	5	
203	342.76		851.94		240		3	0	1	4	5	/	21	
204	338.35		843.16		400		1	0	4	/	4	
205	332.45		842.53		120		1	0	5	/	5	
206	338.48		844.31		200		3	0	1	4	/	8	
207	336.67		842.83		2450		2	0	3	4	/	13	
208	338.21		841.17		1540		3	0	2	5	/	12	
209	338.41		841.02		1673		3	0	2	4	5	/	24	
210	339.33		842.17		1700		3	0	1	3	4	/	19	
211	342.04		834.55		1567		3	0	1	3	/	7	
212	338.06		841.71		1700		3	0	1	3	4	/	19	
213	337.24		842.83		2450		2	0	3	4	/	13	
214	338.08		846.34		1500		3	0	2	/	2	
215	340		833.83		1500		3	0	2	/	2	
216	341.23		840.03		1540		3	0	2	5	/	12	
217	338.14		843.58		2450		2	0	3	4	/	13	
218	328.53		846.06		107		3	0	1	5	/	9	
219	337.05		842.42		2310		2	0	3	5	/	14	
220	337.55		843.87		1500		3	0	2	/	2	
221	324.77		849.47		1673		3	0	2	4	5	/	24	
222	336.69		838.58		1540		3	0	2	5	/	12	
223	330.35		839.4		1500		3	0	2	/	2	
224	328.79		843.28		200		3	0	1	4	/	8	
225	337		846.67		1607		3	0	1	2	5	/	18	
226	338.84		845.31		2310		2	0	3	5	/	14	
227	336.67		843.67		1633		3	0	2	4	/	11	
228	333.64		847.87		1607		3	0	1	2	5	/	18	
229	335.24		843.56		2310		2	0	3	5	/	14	
230	320.72		842.27		2250		2	0	3	/	3	
231	336.67		840		120		1	0	5	/	5	
232	337.11		841.06		1633		3	0	2	4	/	11	
233	338.83		845.33		67		3	0	1	/	1	
234	339.33		845.33		2250		2	0	3	/	3	
235	337.5		847.47		2450		2	0	3	4	/	13	
236	339.4		842.07		200		3	0	1	4	/	8	
237	339.33		842.17		1700		3	0	1	3	4	/	19	
238	338		841.67		1567		3	0	1	2	/	6	
239	325		828		120		1	0	5	/	5	
240	330.86		832.3		2250		2	0	3	/	3	
241	334.36		819.67		67		3	0	1	/	1	
242	334.63		824.99		1607		3	0	1	2	5	/	18	
243	334.67		820.17		2450		2	0	3	4	/	13	
244	334.38		819.41		240		3	0	1	4	5	/	21	
245	328.41		836.2		400		1	0	4	/	4	
246	328.1		836.76		520		1	0	4	5	/	15	
247	328.1		836.76		3040		3	0	2	3	5	/	23	
248	337.94		846.59		1607		3	0	1	2	5	/	18	
249	350.19		851.82		200		3	0	1	4	/	8	
250	334.43		820.15		240		3	0	1	4	5	/	21	
251	334.38		819.41		400		1	0	4	/	4	
252	347.67		847.97		3133		3	0	2	3	4	/	22	
253	334.63		819.86		2250		2	0	3	/	3	
254	343		838.33		1567		3	0	1	2	/	6	
255	341.01		845.19		400		1	0	4	/	4	
256	343.53		829.28		120		1	0	5	/	5	
257	328.49		836.77		1607		3	0	1	2	5	/	18	
258	321.67		831.33		1633		3	0	2	4	/	11	
259	342.94		838.25		240		3	0	1	4	5	/	21	
260	342.94		844.81		1700		3	0	1	2	4	/	17	
261	332.94		839.61		120		1	0	5	/	5	
262	337.35		827.46		520		1	0	4	5	/	15	
263	330.93		820.18		67		3	0	1	/	1	
264	340.74		842.96		2250		2	0	3	/	3	
265	345.98		837.62		1700		3	0	1	3	4	/	19	
266	326.24		836.56		1700		3	0	1	3	4	/	19	
267	333.33		845.5		3133		3	0	2	3	4	/	22	
268	342.76		851.94		1700		3	0	1	2	4	/	17	
269	326.58		837.54		2450		2	0	3	4	/	13	
270	340.66		846.72		67		3	0	1	/	1	
271	340.66		838.84		1500		3	0	2	/	2	
272	323.02		840.24		400		1	0	4	/	4	
273	325.42		828.92		240		3	0	1	4	5	/	21	
274	339.51		839.89		2250		2	0	3	/	3	
275	328.49		836.77		1607		3	0	1	3	5	/	20	
276	340.66		846.72		1700		3	0	1	2	4	/	17	
277	329.98		824.05		67		3	0	1	/	1	
278	310.42		848.78		67		3	0	1	/	1	
279	340.98		835.68		1500		3	0	2	/	2	
280	337.09		851.47		2250		2	0	3	/	3	
281	334.22		845.21		1500		3	0	2	/	2	
282	317.7		847.94		3067		3	0	1	2	3	/	16	
283	344.68		844.28		200		3	0	1	4	/	8	
284	335.42		842.33		1633		3	0	2	4	/	11	
285	325.58		842.36		2450		2	0	3	4	/	13	
286	333.25		833.89		2250		2	0	3	/	3	
287	346.84		844.72		2250		2	0	3	/	3	
288	341.69		847.99		1500		3	0	2	/	2	
289	337.26		843.36		120		1	0	5	/	5	
290	338.06		841.71		400		1	0	4	/	4	
291	336.11		838.52		1607		3	0	1	2	5	/	18	
292	339.94		850.04		120		1	0	5	/	5	
293	335.73		844.16		200		3	0	1	4	/	8	
294	335.37		852.53		67		3	0	1	/	1	
295	342.8		831.09		400		1	0	4	/	4	
296	315.67		841.67		3067		3	0	1	2	3	/	16	
297	348.75		839.6		2450		2	0	3	4	/	13	
298	349.5		853		120		1	0	5	/	5	
299	345.32		839.84		2510		2	0	3	4	5	/	25	
300	338.61		846.77		1673		3	0	2	4	5	/	24	
301	341.63		828.26		1633		3	0	2	4	/	11	
302	348.78		833.99		2250		2	0	3	/	3	
303	328.75		851.78		400		1	0	4	/	4	
304	328.87		848.3		1607		3	0	1	3	5	/	20	
305	334.68		819.92		1700		3	0	1	3	4	/	19	
306	334.34		820.15		2250		2	0	3	/	3	
307	340.24		843.44		1567		3	0	1	2	/	6	
308	337.33		849.13		1700		3	0	1	2	4	/	17	
309	345.12		835.26		520		1	0	4	5	/	15	
310	331.75		848.74		1567		3	0	1	2	/	6	
311	345.32		839.84		3067		3	0	1	2	3	/	16	
312	335.97		834.68		1540		3	0	2	5	/	12	
313	343.69		849.38		1500		3	0	2	/	2	
314	345.05		849.49		240		3	0	1	4	5	/	21	
315	324.77		849.47		200		3	0	1	4	/	8	
316	324.77		849.47		1567		3	0	1	3	/	7	
317	333.52		816.96		2450		2	0	3	4	/	13	
318	334.68		819.92		2450		2	0	3	4	/	13	
319	299.46		901.21		2250		2	0	3	/	3	
320	325		921.33		400		1	0	4	/	4	
321	299.46		901.21		1567		3	0	1	2	/	6	
322	307.81		898.57		400		1	0	4	/	4	
323	302		932.5		3067		3	0	1	2	3	/	16	
324	304.58		910.7		520		1	0	4	5	/	15	
325	302.5		932.58		3133		3	0	2	3	4	/	22	
326	304.09		908.99		1500		3	0	2	/	2	
327	302.1		932.06		2450		2	0	3	4	/	13	
328	302		932.33		1567		3	0	1	2	/	6	
329	299.88		902.43		2450		2	0	3	4	/	13	
330	302.79		897.73		120		1	0	5	/	5	
331	335.71		884.2		1633		3	0	2	4	/	11	
332	334.11		910.08		1500		3	0	2	/	2	
333	324.62		886.6		2510		2	0	3	4	5	/	25	
334	317.04		891.26		1700		3	0	1	3	4	/	19	
335	313.02		892.99		3133		3	0	2	3	4	/	22	
336	303.83		885.29		240		3	0	1	4	5	/	21	
337	303.83		887		1633		3	0	2	4	/	11	
338	303.92		886.34		1500		3	0	2	/	2	
339	304.16		889.16		1567		3	0	1	3	/	7	
340	304.16		889.16		3133		3	0	2	3	4	/	22	
341	316.77		886.48		1540		3	0	2	5	/	12	
342	315.68		913.66		1500		3	0	2	/	2	
343	346.19		899.67		1700		3	0	1	2	4	/	17	
344	304.4		885.46		1700		3	0	1	2	4	/	17	
345	324.21		901.34		520		1	0	4	5	/	15	
346	349.04		885.67		1673		3	0	2	4	5	/	24	
347	342		905.73		3133		3	0	2	3	4	/	22	
348	323.41		908.69		200		3	0	1	4	/	8	
349	334.63		888.18		400		1	0	4	/	4	
350	334		884.17		200		3	0	1	4	/	8	
351	317.04		891.26		3040		3	0	2	3	5	/	23	
352	312.31		904.59		67		3	0	1	/	1	
353	339.88		884.79		1567		3	0	1	2	/	6	
354	303.98		890.8		2310		2	0	3	5	/	14	
355	324.5		886.5		1607		3	0	1	3	5	/	20	
356	303.98		890.8		1700		3	0	1	3	4	/	19	
357	342.49		887.19		400		1	0	4	/	4	
358	305.32		896.67		1700		3	0	1	3	4	/	19	
359	341.92		887.22		3133		3	0	2	3	4	/	22	
360	323.2		891.61		1673		3	0	2	4	5	/	24	
361	323.11		901.79		3133		3	0	2	3	4	/	22	
362	303.98		890.8		2250		2	0	3	/	3	
363	354.44		846		2450		2	0	3	4	/	13	
364	351.49		848.67		2250		2	0	3	/	3	
365	353.53		862.05		1500		3	0	2	/	2	
366	356.13		870.41		2450		2	0	3	4	/	13	
367	351.49		848.67		1540		3	0	2	5	/	12	
368	354.84		864.52		3067		3	0	1	2	3	/	16	
369	354.44		846		1500		3	0	2	/	2	
370	355		850.17		1567		3	0	1	3	/	7	
371	350.3		851.85		520		1	0	4	5	/	15	
372	350.28		852.33		1607		3	0	1	3	5	/	20	
373	356.05		844.64		2250		2	0	3	/	3	
374	351.49		848.67		400		1	0	4	/	4	
375	350.09		852.29		520		1	0	4	5	/	15	
376	352.63		851.76		1540		3	0	2	5	/	12	
377	351.49		848.67		1633		3	0	2	4	/	11	
378	351.51		865.76		1500		3	0	2	/	2	
379	351.99		870.29		120		1	0	5	/	5	
380	350.21		857.11		400		1	0	4	/	4	
381	353.26		845.28		2250		2	0	3	/	3	
382	357.93		842.74		1633		3	0	2	4	/	11	
383	350.07		852.03		200		3	0	1	4	/	8	
384	356.55		888.75		67		3	0	1	/	1	
385	354.5		867.95		1567		3	0	1	3	/	7	
386	355.21		843.59		1633		3	0	2	4	/	11	
387	350.09		852.84		400		1	0	4	/	4	
388	356.51		883.91		1607		3	0	1	3	5	/	20	
389	352.4		858.31		2250		2	0	3	/	3	
390	352.25		882.38		3000		3	0	2	3	/	10	
391	356.13		870.41		2510		2	0	3	4	5	/	25	
392	355.93		892.6		2450		2	0	3	4	/	13	
393	351.06		899.59		67		3	0	1	/	1	
394	351.52		899.81		1500		3	0	2	/	2	
395	351.17		899.67		520		1	0	4	5	/	15	
396	351.17		899.67		520		1	0	4	5	/	15	
397	350.57		898.92		1700		3	0	1	3	4	/	19	
398	360.37		893.83		1607		3	0	1	2	5	/	18	
399	357.34		843.43		120		1	0	5	/	5	
400	353.71		853.89		240		3	0	1	4	5	/	21	
401	350.07		852.03		1540		3	0	2	5	/	12	
402	351.86		861.09		1633		3	0	2	4	/	11	
403	351.06		899.59		200		3	0	1	4	/	8	
404	350.44		896.63		107		3	0	1	5	/	9	
405	359.19		887.6		1567		3	0	1	3	/	7	
406	350.74		850.63		3040		3	0	2	3	5	/	23	
407	356.05		851.9		400		1	0	4	/	4	
408	352.59		889.99		520		1	0	4	5	/	15	
409	351.17		899.67		2450		2	0	3	4	/	13	
410	351.25		853.24		400		1	0	4	/	4	
411	354.44		846		520		1	0	4	5	/	15	
412	354.44		846		240		3	0	1	4	5	/	21	
413	351.36		900.08		120		1	0	5	/	5	
414	350.08		852.08		120		1	0	5	/	5	
415	341.82		867.99		2250		2	0	3	/	3	
416	345.54		869.81		2510		2	0	3	4	5	/	25	
417	345.54		869.81		1567		3	0	1	2	/	6	
418	356.29		818.944		-1		-1	1	/	0	
419	346.645		907.041		-1		-1	1	/	0	
420	310.823		913.694		-1		-1	1	/	0	
421	318.11		876.404		-1		-1	1	/	0	
422	301.423		829.414		-1		-1	1	/	0	
423	320.753		874.438		-1		-1	1	/	0	
424	327.853		879.298		-1		-1	1	/	0	
425	354.928		875.982		-1		-1	1	/	0	
426	324.733		911.358		-1		-1	1	/	0	
427	339.751		907.959		-1		-1	1	/	0	
428	336.404		859.359		-1		-1	1	/	0	
429	325.678		875.178		-1		-1	1	/	0	
430	300.5		915.631		-1		-1	1	/	0	
431	359.35		901.027		-1		-1	1	/	0	
432	304.196		893.165		-1		-1	1	/	0	
433	358.415		864.106		-1		-1	1	/	0	
434	317.599		876.795		-1		-1	1	/	0	
435	355.802		836.399		-1		-1	1	/	0	
436	328.15		879.364		-1		-1	1	/	0	
437	305.819		893.253		-1		-1	1	/	0	
438	340.26		882.03		-1		-1	1	/	0	
439	347.455		918.796		-1		-1	1	/	0	
440	353.184		912.918		-1		-1	1	/	0	
441	325.628		874.579		-1		-1	1	/	0	
442	334.276		901.478		-1		-1	1	/	0	
443	340.495		840.753		-1		-1	1	/	0	
444	336.764		864.101		-1		-1	1	/	0	
445	308.346		873.704		-1		-1	1	/	0	
446	357.471		895.212		-1		-1	1	/	0	
447	345.424		903.989		-1		-1	1	/	0	
448	359.553		897.435		-1		-1	1	/	0	
449	353.692		861.713		-1		-1	1	/	0	
450	339.866		889.878		-1		-1	1	/	0	
451	347.52		927.282		-1		-1	1	/	0	
452	351.945		865.078		-1		-1	1	/	0	
453	350.225		866.812		-1		-1	1	/	0	
454	329.089		875.046		-1		-1	1	/	0	
455	326.659		852.717		-1		-1	1	/	0	
456	320.712		866.035		-1		-1	1	/	0	
457	341.374		888.739		-1		-1	1	/	0	
458	309.577		858.541		-1		-1	1	/	0	
459	331.352		822.664		-1		-1	1	/	0	
460	306.861		867.606		-1		-1	1	/	0	
461	351.457		902.951		-1		-1	1	/	0	
462	338.748		896.321		-1		-1	1	/	0	
463	334.176		920.066		-1		-1	1	/	0	
464	337.426		822.795		-1		-1	1	/	0	
465	335.814		862.688		-1		-1	1	/	0	
466	326.226		855.436		-1		-1	1	/	0	
467	342.501		931.875		-1		-1	1	/	0	
468	350.041		925.665		-1		-1	1	/	0	
469	342.853		850.454		-1		-1	1	/	0	
470	336.994		897.273		-1		-1	1	/	0	
471	332.891		841.577		-1		-1	1	/	0	
472	327.75		930.798		-1		-1	1	/	0	
473	315.229		897.268		-1		-1	1	/	0	
474	298.499		853.101		-1		-1	1	/	0	
475	353.636		874.199		-1		-1	1	/	0	
476	350.654		865.424		-1		-1	1	/	0	
477	356.658		835.46		-1		-1	1	/	0	
478	324.933		859.792		-1		-1	1	/	0	
