184	27	180000	18000
5
0	0		0		-1		-1	1	/	0	
1	10		0		1567		3	0	1	3	/	7	
2	0		10		1540		3	0	2	5	/	12	
3	-10		0		240		3	0	1	4	5	/	21	
4	-0		-10		400		1	0	4	/	4	
5	50		0		1633		3	0	2	4	/	11	
6	0		50		1700		3	0	1	2	4	/	17	
7	-50		0		3000		3	0	2	3	/	10	
8	-0		-50		107		3	0	1	5	/	9	
9	90		0		3067		3	0	1	2	3	/	16	
10	0		90		120		1	0	5	/	5	
11	-90		0		2510		2	0	3	4	5	/	25	
12	-0		-90		120		1	0	5	/	5	
13	130		0		3133		3	0	2	3	4	/	22	
14	0		130		1633		3	0	2	4	/	11	
15	-130		0		120		1	0	5	/	5	
16	-0		-130		2510		2	0	3	4	5	/	25	
17	170		0		1607		3	0	1	3	5	/	20	
18	0		170		1673		3	0	2	4	5	/	24	
19	-170		0		3133		3	0	2	3	4	/	22	
20	-0		-170		1700		3	0	1	2	4	/	17	
21	210		0		240		3	0	1	4	5	/	21	
22	0		210		2510		2	0	3	4	5	/	25	
23	-210		0		120		1	0	5	/	5	
24	-0		-210		3133		3	0	2	3	4	/	22	
25	19.319		5.176		3040		3	0	2	3	5	/	23	
26	5.176		19.319		3067		3	0	1	2	3	/	16	
27	-5.176		19.319		67		3	0	1	/	1	
28	-19.319		5.176		1607		3	0	1	2	5	/	18	
29	-19.319		-5.176		3000		3	0	2	3	/	10	
30	-5.176		-19.319		1700		3	0	1	2	4	/	17	
31	5.176		-19.319		1607		3	0	1	2	5	/	18	
32	19.319		-5.176		1607		3	0	1	3	5	/	20	
33	38.637		10.353		120		1	0	5	/	5	
34	10.353		38.637		1607		3	0	1	3	5	/	20	
35	-10.353		38.637		1607		3	0	1	3	5	/	20	
36	-38.637		10.353		200		3	0	1	4	/	8	
37	-38.637		-10.353		120		1	0	5	/	5	
38	-10.353		-38.637		520		1	0	4	5	/	15	
39	10.353		-38.637		520		1	0	4	5	/	15	
40	38.637		-10.353		2450		2	0	3	4	/	13	
41	57.956		15.529		3067		3	0	1	2	3	/	16	
42	15.529		57.956		3040		3	0	2	3	5	/	23	
43	-15.529		57.956		1673		3	0	2	4	5	/	24	
44	-57.956		15.529		200		3	0	1	4	/	8	
45	-57.956		-15.529		400		1	0	4	/	4	
46	-15.529		-57.956		3040		3	0	2	3	5	/	23	
47	15.529		-57.956		400		1	0	4	/	4	
48	57.956		-15.529		3000		3	0	2	3	/	10	
49	77.274		20.706		1500		3	0	2	/	2	
50	20.706		77.274		1700		3	0	1	3	4	/	19	
51	-20.706		77.274		2250		2	0	3	/	3	
52	-77.274		20.706		120		1	0	5	/	5	
53	-77.274		-20.706		120		1	0	5	/	5	
54	-20.706		-77.274		1567		3	0	1	3	/	7	
55	20.706		-77.274		1700		3	0	1	2	4	/	17	
56	77.274		-20.706		1567		3	0	1	2	/	6	
57	96.593		25.882		2250		2	0	3	/	3	
58	25.882		96.593		400		1	0	4	/	4	
59	-25.882		96.593		1500		3	0	2	/	2	
60	-96.593		25.882		67		3	0	1	/	1	
61	-96.593		-25.882		240		3	0	1	4	5	/	21	
62	-25.882		-96.593		1500		3	0	2	/	2	
63	25.882		-96.593		2250		2	0	3	/	3	
64	96.593		-25.882		67		3	0	1	/	1	
65	115.911		31.058		1567		3	0	1	3	/	7	
66	31.058		115.911		1540		3	0	2	5	/	12	
67	-31.058		115.911		67		3	0	1	/	1	
68	-115.911		31.058		3000		3	0	2	3	/	10	
69	-115.911		-31.058		2250		2	0	3	/	3	
70	-31.058		-115.911		1607		3	0	1	3	5	/	20	
71	31.058		-115.911		120		1	0	5	/	5	
72	115.911		-31.058		2310		2	0	3	5	/	14	
73	135.23		36.235		3067		3	0	1	2	3	/	16	
74	36.235		135.23		67		3	0	1	/	1	
75	-36.235		135.23		67		3	0	1	/	1	
76	-135.23		36.235		1500		3	0	2	/	2	
77	-135.23		-36.235		1607		3	0	1	3	5	/	20	
78	-36.235		-135.23		3040		3	0	2	3	5	/	23	
79	36.235		-135.23		240		3	0	1	4	5	/	21	
80	135.23		-36.235		400		1	0	4	/	4	
81	154.548		41.411		1633		3	0	2	4	/	11	
82	41.411		154.548		107		3	0	1	5	/	9	
83	-41.411		154.548		120		1	0	5	/	5	
84	-154.548		41.411		1500		3	0	2	/	2	
85	-154.548		-41.411		67		3	0	1	/	1	
86	-41.411		-154.548		1607		3	0	1	2	5	/	18	
87	41.411		-154.548		2250		2	0	3	/	3	
88	154.548		-41.411		1567		3	0	1	3	/	7	
89	173.867		46.587		120		1	0	5	/	5	
90	46.587		173.867		2250		2	0	3	/	3	
91	-46.587		173.867		400		1	0	4	/	4	
92	-173.867		46.587		120		1	0	5	/	5	
93	-173.867		-46.587		1607		3	0	1	2	5	/	18	
94	-46.587		-173.867		67		3	0	1	/	1	
95	46.587		-173.867		67		3	0	1	/	1	
96	173.867		-46.587		1607		3	0	1	3	5	/	20	
97	193.185		51.764		107		3	0	1	5	/	9	
98	51.764		193.185		400		1	0	4	/	4	
99	-51.764		193.185		1607		3	0	1	2	5	/	18	
100	-193.185		51.764		1567		3	0	1	3	/	7	
101	-193.185		-51.764		107		3	0	1	5	/	9	
102	-51.764		-193.185		2250		2	0	3	/	3	
103	51.764		-193.185		1500		3	0	2	/	2	
104	193.185		-51.764		3000		3	0	2	3	/	10	
105	29.743		3.916		3067		3	0	1	2	3	/	16	
106	27.716		11.481		1540		3	0	2	5	/	12	
107	11.481		27.716		1567		3	0	1	3	/	7	
108	3.916		29.743		3133		3	0	2	3	4	/	22	
109	-3.916		29.743		1567		3	0	1	2	/	6	
110	-11.481		27.716		1673		3	0	2	4	5	/	24	
111	-27.716		11.481		107		3	0	1	5	/	9	
112	-29.743		3.916		3133		3	0	2	3	4	/	22	
113	-29.743		-3.916		3040		3	0	2	3	5	/	23	
114	-27.716		-11.481		520		1	0	4	5	/	15	
115	-11.481		-27.716		2250		2	0	3	/	3	
116	-3.916		-29.743		107		3	0	1	5	/	9	
117	3.916		-29.743		1567		3	0	1	3	/	7	
118	11.481		-27.716		520		1	0	4	5	/	15	
119	27.716		-11.481		2250		2	0	3	/	3	
120	29.743		-3.916		120		1	0	5	/	5	
121	69.401		9.137		1500		3	0	2	/	2	
122	64.672		26.788		2250		2	0	3	/	3	
123	26.788		64.672		120		1	0	5	/	5	
124	9.137		69.401		3040		3	0	2	3	5	/	23	
125	-9.137		69.401		2250		2	0	3	/	3	
126	-26.788		64.672		3067		3	0	1	2	3	/	16	
127	-64.672		26.788		2510		2	0	3	4	5	/	25	
128	-69.401		9.137		120		1	0	5	/	5	
129	-69.401		-9.137		200		3	0	1	4	/	8	
130	-64.672		-26.788		67		3	0	1	/	1	
131	-26.788		-64.672		240		3	0	1	4	5	/	21	
132	-9.137		-69.401		400		1	0	4	/	4	
133	9.137		-69.401		240		3	0	1	4	5	/	21	
134	26.788		-64.672		3040		3	0	2	3	5	/	23	
135	64.672		-26.788		2250		2	0	3	/	3	
136	69.401		-9.137		2510		2	0	3	4	5	/	25	
137	109.059		14.358		200		3	0	1	4	/	8	
138	101.627		42.095		2250		2	0	3	/	3	
139	42.095		101.627		120		1	0	5	/	5	
140	14.358		109.059		400		1	0	4	/	4	
141	-14.358		109.059		1633		3	0	2	4	/	11	
142	-42.095		101.627		1700		3	0	1	3	4	/	19	
143	-101.627		42.095		400		1	0	4	/	4	
144	-109.059		14.358		2250		2	0	3	/	3	
145	-109.059		-14.358		400		1	0	4	/	4	
146	-101.627		-42.095		2510		2	0	3	4	5	/	25	
147	-42.095		-101.627		1607		3	0	1	3	5	/	20	
148	-14.358		-109.059		1540		3	0	2	5	/	12	
149	14.358		-109.059		3133		3	0	2	3	4	/	22	
150	42.095		-101.627		1567		3	0	1	3	/	7	
151	101.627		-42.095		520		1	0	4	5	/	15	
152	109.059		-14.358		2310		2	0	3	5	/	14	
153	148.717		19.579		1540		3	0	2	5	/	12	
154	138.582		57.403		3133		3	0	2	3	4	/	22	
155	57.403		138.582		1500		3	0	2	/	2	
156	19.579		148.717		2510		2	0	3	4	5	/	25	
157	-19.579		148.717		107		3	0	1	5	/	9	
158	-57.403		138.582		1567		3	0	1	2	/	6	
159	-138.582		57.403		2310		2	0	3	5	/	14	
160	-148.717		19.579		400		1	0	4	/	4	
161	-148.717		-19.579		2250		2	0	3	/	3	
162	-138.582		-57.403		1567		3	0	1	2	/	6	
163	-57.403		-138.582		2510		2	0	3	4	5	/	25	
164	-19.579		-148.717		1500		3	0	2	/	2	
165	19.579		-148.717		67		3	0	1	/	1	
166	57.403		-138.582		1700		3	0	1	3	4	/	19	
167	138.582		-57.403		3000		3	0	2	3	/	10	
168	148.717		-19.579		1540		3	0	2	5	/	12	
169	188.375		24.8		400		1	0	4	/	4	
170	175.537		72.71		400		1	0	4	/	4	
171	72.71		175.537		1607		3	0	1	3	5	/	20	
172	24.8		188.375		1607		3	0	1	3	5	/	20	
173	-24.8		188.375		3000		3	0	2	3	/	10	
174	-72.71		175.537		120		1	0	5	/	5	
175	-175.537		72.71		240		3	0	1	4	5	/	21	
176	-188.375		24.8		1700		3	0	1	3	4	/	19	
177	-188.375		-24.8		107		3	0	1	5	/	9	
178	-175.537		-72.71		1700		3	0	1	3	4	/	19	
179	-72.71		-175.537		3040		3	0	2	3	5	/	23	
180	-24.8		-188.375		3000		3	0	2	3	/	10	
181	24.8		-188.375		2250		2	0	3	/	3	
182	72.71		-175.537		2510		2	0	3	4	5	/	25	
183	175.537		-72.71		120		1	0	5	/	5	
184	188.375		-24.8		1607		3	0	1	3	5	/	20	
185	192.892		83.1492		-1		-1	1	/	0	
186	106.239		-100.094		-1		-1	1	/	0	
187	-201.257		-108.33		-1		-1	1	/	0	
188	146.533		114.119		-1		-1	1	/	0	
189	31.2465		25.5696		-1		-1	1	/	0	
190	-135.719		-72.549		-1		-1	1	/	0	
191	-115.1		-44.228		-1		-1	1	/	0	
192	19.3104		176.849		-1		-1	1	/	0	
193	136.647		-165.701		-1		-1	1	/	0	
194	-5.69994		-47.8949		-1		-1	1	/	0	
195	89.0013		41.2606		-1		-1	1	/	0	
196	54.9355		93.8672		-1		-1	1	/	0	
197	-156.846		144.074		-1		-1	1	/	0	
198	15.9431		101.598		-1		-1	1	/	0	
199	143.203		172.593		-1		-1	1	/	0	
200	-11.1326		55.1488		-1		-1	1	/	0	
201	41.1034		69.1497		-1		-1	1	/	0	
202	-168.746		176.085		-1		-1	1	/	0	
203	25.3265		11.3413		-1		-1	1	/	0	
204	-148.615		-31.7636		-1		-1	1	/	0	
205	18.5131		190.761		-1		-1	1	/	0	
206	103.891		-132.387		-1		-1	1	/	0	
207	55.8976		116.884		-1		-1	1	/	0	
208	180.942		-119.168		-1		-1	1	/	0	
209	-44.2003		191.064		-1		-1	1	/	0	
210	112.328		-170.938		-1		-1	1	/	0	
