168	25	180000	18000
5
0	0		0		-1		-1	1	/	0	
1	10		0		2250		2	0	3	/	3	
2	5		8.66		200		3	0	1	4	/	8	
3	-5		8.66		2310		2	0	3	5	/	14	
4	-10		0		400		1	0	4	/	4	
5	-5		-8.66		2250		2	0	3	/	3	
6	5		-8.66		520		1	0	4	5	/	15	
7	50		0		3067		3	0	1	2	3	/	16	
8	25		43.301		2510		2	0	3	4	5	/	25	
9	-25		43.301		67		3	0	1	/	1	
10	-50		0		3040		3	0	2	3	5	/	23	
11	-25		-43.301		1500		3	0	2	/	2	
12	25		-43.301		240		3	0	1	4	5	/	21	
13	90		0		3040		3	0	2	3	5	/	23	
14	45		77.942		3067		3	0	1	2	3	/	16	
15	-45		77.942		2510		2	0	3	4	5	/	25	
16	-90		0		1700		3	0	1	2	4	/	17	
17	-45		-77.942		1500		3	0	2	/	2	
18	45		-77.942		2310		2	0	3	5	/	14	
19	130		0		1540		3	0	2	5	/	12	
20	65		112.583		3133		3	0	2	3	4	/	22	
21	-65		112.583		400		1	0	4	/	4	
22	-130		0		67		3	0	1	/	1	
23	-65		-112.583		2250		2	0	3	/	3	
24	65		-112.583		1567		3	0	1	3	/	7	
25	19.696		3.473		1567		3	0	1	2	/	6	
26	12.856		15.321		2310		2	0	3	5	/	14	
27	6.84		18.794		67		3	0	1	/	1	
28	-6.84		18.794		2250		2	0	3	/	3	
29	-12.856		15.321		3133		3	0	2	3	4	/	22	
30	-19.696		3.473		107		3	0	1	5	/	9	
31	-19.696		-3.473		2450		2	0	3	4	/	13	
32	-12.856		-15.321		120		1	0	5	/	5	
33	-6.84		-18.794		2250		2	0	3	/	3	
34	6.84		-18.794		1567		3	0	1	2	/	6	
35	12.856		-15.321		2450		2	0	3	4	/	13	
36	19.696		-3.473		400		1	0	4	/	4	
37	39.392		6.946		107		3	0	1	5	/	9	
38	25.712		30.64		67		3	0	1	/	1	
39	13.681		37.588		1500		3	0	2	/	2	
40	-13.681		37.588		67		3	0	1	/	1	
41	-25.712		30.64		67		3	0	1	/	1	
42	-39.392		6.946		1700		3	0	1	2	4	/	17	
43	-39.392		-6.946		1607		3	0	1	3	5	/	20	
44	-25.712		-30.64		1567		3	0	1	3	/	7	
45	-13.681		-37.588		1567		3	0	1	2	/	6	
46	13.681		-37.588		120		1	0	5	/	5	
47	25.712		-30.64		120		1	0	5	/	5	
48	39.392		-6.946		120		1	0	5	/	5	
49	59.088		10.419		240		3	0	1	4	5	/	21	
50	38.567		45.963		120		1	0	5	/	5	
51	20.521		56.38		3133		3	0	2	3	4	/	22	
52	-20.521		56.38		2450		2	0	3	4	/	13	
53	-38.567		45.963		107		3	0	1	5	/	9	
54	-59.088		10.419		1633		3	0	2	4	/	11	
55	-59.088		-10.419		67		3	0	1	/	1	
56	-38.567		-45.963		1500		3	0	2	/	2	
57	-20.521		-56.38		400		1	0	4	/	4	
58	20.521		-56.38		120		1	0	5	/	5	
59	38.567		-45.963		240		3	0	1	4	5	/	21	
60	59.088		-10.419		2310		2	0	3	5	/	14	
61	78.785		13.89		2250		2	0	3	/	3	
62	51.423		61.284		2450		2	0	3	4	/	13	
63	27.362		75.175		1567		3	0	1	2	/	6	
64	-27.362		75.175		1700		3	0	1	3	4	/	19	
65	-51.423		61.284		3040		3	0	2	3	5	/	23	
66	-78.785		13.89		240		3	0	1	4	5	/	21	
67	-78.785		-13.89		107		3	0	1	5	/	9	
68	-51.423		-61.284		2310		2	0	3	5	/	14	
69	-27.362		-75.175		1700		3	0	1	3	4	/	19	
70	27.362		-75.175		1540		3	0	2	5	/	12	
71	51.423		-61.284		2250		2	0	3	/	3	
72	78.785		-13.89		67		3	0	1	/	1	
73	98.481		17.365		2250		2	0	3	/	3	
74	64.279		76.604		400		1	0	4	/	4	
75	34.202		93.969		1633		3	0	2	4	/	11	
76	-34.202		93.969		1500		3	0	2	/	2	
77	-64.279		76.604		1500		3	0	2	/	2	
78	-98.481		17.365		3040		3	0	2	3	5	/	23	
79	-98.481		-17.365		120		1	0	5	/	5	
80	-64.279		-76.604		240		3	0	1	4	5	/	21	
81	-34.202		-93.969		3000		3	0	2	3	/	10	
82	34.202		-93.969		1633		3	0	2	4	/	11	
83	64.279		-76.604		2250		2	0	3	/	3	
84	98.481		-17.365		120		1	0	5	/	5	
85	118.177		20.838		1567		3	0	1	2	/	6	
86	77.135		91.925		3000		3	0	2	3	/	10	
87	41.042		112.763		2510		2	0	3	4	5	/	25	
88	-41.042		112.763		1607		3	0	1	3	5	/	20	
89	-77.135		91.925		1607		3	0	1	2	5	/	18	
90	-118.177		20.838		1607		3	0	1	2	5	/	18	
91	-118.177		-20.838		3000		3	0	2	3	/	10	
92	-77.135		-91.925		400		1	0	4	/	4	
93	-41.042		-112.763		3067		3	0	1	2	3	/	16	
94	41.042		-112.763		1673		3	0	2	4	5	/	24	
95	77.135		-91.925		1500		3	0	2	/	2	
96	118.177		-20.838		1567		3	0	1	3	/	7	
97	29.886		2.615		67		3	0	1	/	1	
98	28.978		7.765		67		3	0	1	/	1	
99	21.213		21.213		3000		3	0	2	3	/	10	
100	17.207		24.575		1607		3	0	1	2	5	/	18	
101	12.679		27.189		1633		3	0	2	4	/	11	
102	7.765		28.978		3040		3	0	2	3	5	/	23	
103	-7.765		28.978		520		1	0	4	5	/	15	
104	-12.679		27.189		67		3	0	1	/	1	
105	-17.207		24.575		1567		3	0	1	3	/	7	
106	-21.213		21.213		1500		3	0	2	/	2	
107	-28.978		7.765		2250		2	0	3	/	3	
108	-29.886		2.615		3133		3	0	2	3	4	/	22	
109	-29.886		-2.615		400		1	0	4	/	4	
110	-28.978		-7.765		1673		3	0	2	4	5	/	24	
111	-21.213		-21.213		3133		3	0	2	3	4	/	22	
112	-17.207		-24.575		1567		3	0	1	2	/	6	
113	-12.679		-27.189		3040		3	0	2	3	5	/	23	
114	-7.765		-28.978		1567		3	0	1	2	/	6	
115	7.765		-28.978		120		1	0	5	/	5	
116	12.679		-27.189		1633		3	0	2	4	/	11	
117	17.207		-24.575		520		1	0	4	5	/	15	
118	21.213		-21.213		2510		2	0	3	4	5	/	25	
119	28.978		-7.765		2250		2	0	3	/	3	
120	29.886		-2.615		3040		3	0	2	3	5	/	23	
121	69.734		6.101		2450		2	0	3	4	/	13	
122	67.615		18.117		2250		2	0	3	/	3	
123	49.497		49.497		2510		2	0	3	4	5	/	25	
124	40.15		57.341		120		1	0	5	/	5	
125	29.583		63.442		120		1	0	5	/	5	
126	18.117		67.615		400		1	0	4	/	4	
127	-18.117		67.615		2510		2	0	3	4	5	/	25	
128	-29.583		63.442		107		3	0	1	5	/	9	
129	-40.15		57.341		3067		3	0	1	2	3	/	16	
130	-49.497		49.497		3000		3	0	2	3	/	10	
131	-67.615		18.117		200		3	0	1	4	/	8	
132	-69.734		6.101		200		3	0	1	4	/	8	
133	-69.734		-6.101		1607		3	0	1	2	5	/	18	
134	-67.615		-18.117		200		3	0	1	4	/	8	
135	-49.497		-49.497		2310		2	0	3	5	/	14	
136	-40.15		-57.341		1700		3	0	1	2	4	/	17	
137	-29.583		-63.442		1500		3	0	2	/	2	
138	-18.117		-67.615		200		3	0	1	4	/	8	
139	18.117		-67.615		400		1	0	4	/	4	
140	29.583		-63.442		2450		2	0	3	4	/	13	
141	40.15		-57.341		67		3	0	1	/	1	
142	49.497		-49.497		1700		3	0	1	3	4	/	19	
143	67.615		-18.117		120		1	0	5	/	5	
144	69.734		-6.101		120		1	0	5	/	5	
145	109.581		9.587		1607		3	0	1	2	5	/	18	
146	106.252		28.47		1567		3	0	1	2	/	6	
147	77.782		77.782		120		1	0	5	/	5	
148	63.093		90.107		1673		3	0	2	4	5	/	24	
149	46.488		99.694		67		3	0	1	/	1	
150	28.47		106.252		1567		3	0	1	3	/	7	
151	-28.47		106.252		1633		3	0	2	4	/	11	
152	-46.488		99.694		240		3	0	1	4	5	/	21	
153	-63.093		90.107		2310		2	0	3	5	/	14	
154	-77.782		77.782		200		3	0	1	4	/	8	
155	-106.252		28.47		120		1	0	5	/	5	
156	-109.581		9.587		120		1	0	5	/	5	
157	-109.581		-9.587		2250		2	0	3	/	3	
158	-106.252		-28.47		2250		2	0	3	/	3	
159	-77.782		-77.782		3133		3	0	2	3	4	/	22	
160	-63.093		-90.107		2450		2	0	3	4	/	13	
161	-46.488		-99.694		2250		2	0	3	/	3	
162	-28.47		-106.252		3040		3	0	2	3	5	/	23	
163	28.47		-106.252		3040		3	0	2	3	5	/	23	
164	46.488		-99.694		520		1	0	4	5	/	15	
165	63.093		-90.107		1700		3	0	1	3	4	/	19	
166	77.782		-77.782		240		3	0	1	4	5	/	21	
167	106.252		-28.47		120		1	0	5	/	5	
168	109.581		-9.587		1700		3	0	1	2	4	/	17	
169	80.4659		72.6264		-1		-1	1	/	0	
170	109.056		9.1798		-1		-1	1	/	0	
171	101.271		82.7731		-1		-1	1	/	0	
172	1.76158		-103.788		-1		-1	1	/	0	
173	-73.2661		21.2809		-1		-1	1	/	0	
174	102.423		-15.4719		-1		-1	1	/	0	
175	28.048		-35.6527		-1		-1	1	/	0	
176	61.5255		-94.2357		-1		-1	1	/	0	
177	-35.1101		46.9149		-1		-1	1	/	0	
178	127.164		47.9547		-1		-1	1	/	0	
179	-62.8384		41.0212		-1		-1	1	/	0	
180	-4.42563		29.6966		-1		-1	1	/	0	
181	101.876		-0.701697		-1		-1	1	/	0	
182	-112.361		84.2799		-1		-1	1	/	0	
183	-86.0587		69.4705		-1		-1	1	/	0	
184	-45.3238		-72.0385		-1		-1	1	/	0	
185	-48.3575		4.43634		-1		-1	1	/	0	
186	19.9786		44.1105		-1		-1	1	/	0	
187	68.2678		89.6558		-1		-1	1	/	0	
188	128.706		43.8767		-1		-1	1	/	0	
189	-86.8833		-69.1892		-1		-1	1	/	0	
190	68.3376		68.1606		-1		-1	1	/	0	
191	12.0448		-94.6807		-1		-1	1	/	0	
192	-92.0845		110.028		-1		-1	1	/	0	
