153	23	180000	18000
5
0	0		0		-1		-1	1	/	0	
1	57.735		0		520		1	0	4	5	/	15	
2	28.867		50		2250		2	0	3	/	3	
3	-28.867		50		2310		2	0	3	5	/	14	
4	-57.735		0		1700		3	0	1	2	4	/	17	
5	-28.867		-50		2510		2	0	3	4	5	/	25	
6	28.867		-50		1567		3	0	1	2	/	6	
7	288.675		0		120		1	0	5	/	5	
8	144.337		250		1540		3	0	2	5	/	12	
9	-144.337		250		3133		3	0	2	3	4	/	22	
10	-288.675		0		1500		3	0	2	/	2	
11	-144.337		-250		1567		3	0	1	2	/	6	
12	144.337		-250		3000		3	0	2	3	/	10	
13	866.025		0		1633		3	0	2	4	/	11	
14	433.012		750		3040		3	0	2	3	5	/	23	
15	-433.013		750		3000		3	0	2	3	/	10	
16	-866.025		0		1607		3	0	1	3	5	/	20	
17	-433.012		-750		120		1	0	5	/	5	
18	433.012		-750		1567		3	0	1	2	/	6	
19	86.603		50		200		3	0	1	4	/	8	
20	0		100		2450		2	0	3	4	/	13	
21	-86.603		50		67		3	0	1	/	1	
22	-86.603		-50		3067		3	0	1	2	3	/	16	
23	-0		-100		1500		3	0	2	/	2	
24	86.603		-50		400		1	0	4	/	4	
25	0		40		1540		3	0	2	5	/	12	
26	-34.641		-20		400		1	0	4	/	4	
27	34.641		-20		3133		3	0	2	3	4	/	22	
28	433.013		250		2250		2	0	3	/	3	
29	0		500		120		1	0	5	/	5	
30	-433.013		250		240		3	0	1	4	5	/	21	
31	-433.013		-250		120		1	0	5	/	5	
32	-0		-500		2510		2	0	3	4	5	/	25	
33	433.013		-250		1633		3	0	2	4	/	11	
34	0		200		2250		2	0	3	/	3	
35	-173.205		-100		120		1	0	5	/	5	
36	173.205		-100		1607		3	0	1	2	5	/	18	
37	1299.04		750		67		3	0	1	/	1	
38	0		1500		120		1	0	5	/	5	
39	-1299.04		750		1700		3	0	1	2	4	/	17	
40	-1299.04		-750		400		1	0	4	/	4	
41	-0		-1500		120		1	0	5	/	5	
42	1299.04		-750		2310		2	0	3	5	/	14	
43	0		600		67		3	0	1	/	1	
44	-519.615		-300		67		3	0	1	/	1	
45	519.615		-300		1567		3	0	1	2	/	6	
46	67.169		27.887		1700		3	0	1	2	4	/	17	
47	77.169		22.113		1700		3	0	1	2	4	/	17	
48	57.735		55.773		2250		2	0	3	/	3	
49	57.735		44.226		1633		3	0	2	4	/	11	
50	19.434		77.887		200		3	0	1	4	/	8	
51	9.434		72.113		1540		3	0	2	5	/	12	
52	-19.434		77.887		240		3	0	1	4	5	/	21	
53	-9.434		72.113		2310		2	0	3	5	/	14	
54	-57.735		55.773		200		3	0	1	4	/	8	
55	-57.735		44.226		1500		3	0	2	/	2	
56	-67.169		27.887		120		1	0	5	/	5	
57	-77.169		22.113		2510		2	0	3	4	5	/	25	
58	-77.169		-22.113		1607		3	0	1	2	5	/	18	
59	-67.169		-27.887		240		3	0	1	4	5	/	21	
60	-57.735		-44.226		2250		2	0	3	/	3	
61	-57.735		-55.774		200		3	0	1	4	/	8	
62	-9.434		-72.113		107		3	0	1	5	/	9	
63	-19.434		-77.887		1607		3	0	1	3	5	/	20	
64	9.434		-72.113		2310		2	0	3	5	/	14	
65	19.434		-77.887		120		1	0	5	/	5	
66	57.735		-44.226		1633		3	0	2	4	/	11	
67	57.735		-55.774		200		3	0	1	4	/	8	
68	77.169		-22.113		3000		3	0	2	3	/	10	
69	67.169		-27.887		107		3	0	1	5	/	9	
70	13.434		47.887		400		1	0	4	/	4	
71	15.434		42.113		3000		3	0	2	3	/	10	
72	-13.434		47.887		240		3	0	1	4	5	/	21	
73	-15.434		42.113		3067		3	0	1	2	3	/	16	
74	-44.188		-7.691		1500		3	0	2	/	2	
75	-48.188		-12.309		200		3	0	1	4	/	8	
76	-28.754		-34.423		200		3	0	1	4	/	8	
77	-34.754		-35.577		3067		3	0	1	2	3	/	16	
78	28.754		-34.423		120		1	0	5	/	5	
79	34.754		-35.577		1567		3	0	1	3	/	7	
80	44.188		-7.691		240		3	0	1	4	5	/	21	
81	48.188		-12.309		520		1	0	4	5	/	15	
82	335.844		139.434		120		1	0	5	/	5	
83	385.844		110.566		120		1	0	5	/	5	
84	288.675		278.867		400		1	0	4	/	4	
85	288.675		221.132		120		1	0	5	/	5	
86	97.169		389.434		2510		2	0	3	4	5	/	25	
87	47.169		360.566		2250		2	0	3	/	3	
88	-97.169		389.434		3067		3	0	1	2	3	/	16	
89	-47.169		360.566		3133		3	0	2	3	4	/	22	
90	-288.675		278.867		107		3	0	1	5	/	9	
91	-288.675		221.132		120		1	0	5	/	5	
92	-335.844		139.434		3040		3	0	2	3	5	/	23	
93	-385.844		110.566		2450		2	0	3	4	/	13	
94	-385.844		-110.566		1500		3	0	2	/	2	
95	-335.844		-139.434		120		1	0	5	/	5	
96	-288.675		-221.132		1673		3	0	2	4	5	/	24	
97	-288.675		-278.867		120		1	0	5	/	5	
98	-47.169		-360.566		3067		3	0	1	2	3	/	16	
99	-97.169		-389.434		2450		2	0	3	4	/	13	
100	47.169		-360.566		1567		3	0	1	2	/	6	
101	97.169		-389.434		1700		3	0	1	2	4	/	17	
102	288.675		-221.132		400		1	0	4	/	4	
103	288.675		-278.867		3067		3	0	1	2	3	/	16	
104	385.844		-110.566		1540		3	0	2	5	/	12	
105	335.844		-139.434		1633		3	0	2	4	/	11	
106	67.169		239.434		1700		3	0	1	2	4	/	17	
107	77.169		210.566		1500		3	0	2	/	2	
108	-67.169		239.434		1567		3	0	1	3	/	7	
109	-77.169		210.566		1607		3	0	1	3	5	/	20	
110	-220.94		-38.453		1567		3	0	1	2	/	6	
111	-240.94		-61.547		67		3	0	1	/	1	
112	-143.771		-172.113		120		1	0	5	/	5	
113	-173.771		-177.887		1500		3	0	2	/	2	
114	143.771		-172.113		1500		3	0	2	/	2	
115	173.771		-177.887		107		3	0	1	5	/	9	
116	220.94		-38.453		120		1	0	5	/	5	
117	240.94		-61.547		3067		3	0	1	2	3	/	16	
118	1007.53		418.301		2250		2	0	3	/	3	
119	1157.53		331.699		1567		3	0	1	2	/	6	
120	866.025		836.602		2450		2	0	3	4	/	13	
121	866.025		663.397		3040		3	0	2	3	5	/	23	
122	291.506		1168.3		520		1	0	4	5	/	15	
123	141.506		1081.7		1500		3	0	2	/	2	
124	-291.506		1168.3		2450		2	0	3	4	/	13	
125	-141.506		1081.7		67		3	0	1	/	1	
126	-866.025		836.602		1500		3	0	2	/	2	
127	-866.025		663.397		2510		2	0	3	4	5	/	25	
128	-1007.53		418.301		107		3	0	1	5	/	9	
129	-1157.53		331.699		107		3	0	1	5	/	9	
130	-1157.53		-331.699		1607		3	0	1	2	5	/	18	
131	-1007.53		-418.301		520		1	0	4	5	/	15	
132	-866.025		-663.397		1700		3	0	1	3	4	/	19	
133	-866.025		-836.603		200		3	0	1	4	/	8	
134	-141.506		-1081.7		2510		2	0	3	4	5	/	25	
135	-291.506		-1168.3		120		1	0	5	/	5	
136	141.506		-1081.7		2250		2	0	3	/	3	
137	291.506		-1168.3		107		3	0	1	5	/	9	
138	866.025		-663.397		1500		3	0	2	/	2	
139	866.025		-836.603		1673		3	0	2	4	5	/	24	
140	1157.53		-331.699		1607		3	0	1	3	5	/	20	
141	1007.53		-418.301		1700		3	0	1	2	4	/	17	
142	201.506		718.301		120		1	0	5	/	5	
143	231.506		631.699		520		1	0	4	5	/	15	
144	-201.506		718.301		2310		2	0	3	5	/	14	
145	-231.506		631.699		520		1	0	4	5	/	15	
146	-662.82		-115.359		2510		2	0	3	4	5	/	25	
147	-722.82		-184.641		3000		3	0	2	3	/	10	
148	-431.314		-516.34		1567		3	0	1	2	/	6	
149	-521.314		-533.66		1567		3	0	1	3	/	7	
150	431.314		-516.339		2250		2	0	3	/	3	
151	521.314		-533.66		1567		3	0	1	2	/	6	
152	662.82		-115.359		1567		3	0	1	2	/	6	
153	722.82		-184.641		2250		2	0	3	/	3	
154	860.714		-250.767		-1		-1	1	/	0	
155	-137.7		-364.054		-1		-1	1	/	0	
156	511.004		-635.396		-1		-1	1	/	0	
157	465.417		855.352		-1		-1	1	/	0	
158	-702.012		-163.118		-1		-1	1	/	0	
159	797.891		171.718		-1		-1	1	/	0	
160	180.816		744.345		-1		-1	1	/	0	
161	-472.023		112.911		-1		-1	1	/	0	
162	-531.722		861.302		-1		-1	1	/	0	
163	-350.696		-1186.36		-1		-1	1	/	0	
164	-676.358		742.873		-1		-1	1	/	0	
165	226.484		331.559		-1		-1	1	/	0	
166	696.656		-780.586		-1		-1	1	/	0	
167	332.272		957.732		-1		-1	1	/	0	
168	-651.479		-1402.42		-1		-1	1	/	0	
169	967.1		-602.963		-1		-1	1	/	0	
170	-229.641		537.083		-1		-1	1	/	0	
171	-367.95		-99.7225		-1		-1	1	/	0	
172	453.76		-941.714		-1		-1	1	/	0	
173	815.345		-1065.21		-1		-1	1	/	0	
174	-987.156		1100.1		-1		-1	1	/	0	
175	-113.086		-714.327		-1		-1	1	/	0	
