153	23	180000	18000
5
0	0		0		-1		-1	1	/	0	
1	57.735		0		1633		3	0	2	4	/	11	
2	28.867		50		1700		3	0	1	2	4	/	17	
3	-28.867		50		1567		3	0	1	3	/	7	
4	-57.735		0		2250		2	0	3	/	3	
5	-28.867		-50		1500		3	0	2	/	2	
6	28.867		-50		1540		3	0	2	5	/	12	
7	288.675		0		3067		3	0	1	2	3	/	16	
8	144.337		250		1540		3	0	2	5	/	12	
9	-144.337		250		400		1	0	4	/	4	
10	-288.675		0		1607		3	0	1	3	5	/	20	
11	-144.337		-250		2310		2	0	3	5	/	14	
12	144.337		-250		2250		2	0	3	/	3	
13	866.025		0		120		1	0	5	/	5	
14	433.012		750		1540		3	0	2	5	/	12	
15	-433.013		750		1567		3	0	1	3	/	7	
16	-866.025		0		67		3	0	1	/	1	
17	-433.012		-750		1567		3	0	1	2	/	6	
18	433.012		-750		1700		3	0	1	3	4	/	19	
19	86.603		50		1567		3	0	1	3	/	7	
20	0		100		1607		3	0	1	2	5	/	18	
21	-86.603		50		1567		3	0	1	2	/	6	
22	-86.603		-50		120		1	0	5	/	5	
23	-0		-100		240		3	0	1	4	5	/	21	
24	86.603		-50		2250		2	0	3	/	3	
25	0		40		200		3	0	1	4	/	8	
26	-34.641		-20		107		3	0	1	5	/	9	
27	34.641		-20		1540		3	0	2	5	/	12	
28	433.013		250		120		1	0	5	/	5	
29	0		500		107		3	0	1	5	/	9	
30	-433.013		250		120		1	0	5	/	5	
31	-433.013		-250		2450		2	0	3	4	/	13	
32	-0		-500		2250		2	0	3	/	3	
33	433.013		-250		3000		3	0	2	3	/	10	
34	0		200		2250		2	0	3	/	3	
35	-173.205		-100		1567		3	0	1	3	/	7	
36	173.205		-100		1700		3	0	1	3	4	/	19	
37	1299.04		750		3000		3	0	2	3	/	10	
38	0		1500		67		3	0	1	/	1	
39	-1299.04		750		1673		3	0	2	4	5	/	24	
40	-1299.04		-750		3040		3	0	2	3	5	/	23	
41	-0		-1500		1567		3	0	1	3	/	7	
42	1299.04		-750		1673		3	0	2	4	5	/	24	
43	0		600		3067		3	0	1	2	3	/	16	
44	-519.615		-300		400		1	0	4	/	4	
45	519.615		-300		520		1	0	4	5	/	15	
46	67.169		27.887		120		1	0	5	/	5	
47	77.169		22.113		107		3	0	1	5	/	9	
48	57.735		55.773		1540		3	0	2	5	/	12	
49	57.735		44.226		200		3	0	1	4	/	8	
50	19.434		77.887		1567		3	0	1	3	/	7	
51	9.434		72.113		1567		3	0	1	3	/	7	
52	-19.434		77.887		1700		3	0	1	2	4	/	17	
53	-9.434		72.113		1500		3	0	2	/	2	
54	-57.735		55.773		1633		3	0	2	4	/	11	
55	-57.735		44.226		2450		2	0	3	4	/	13	
56	-67.169		27.887		2250		2	0	3	/	3	
57	-77.169		22.113		1607		3	0	1	2	5	/	18	
58	-77.169		-22.113		2450		2	0	3	4	/	13	
59	-67.169		-27.887		1700		3	0	1	3	4	/	19	
60	-57.735		-44.226		2510		2	0	3	4	5	/	25	
61	-57.735		-55.774		520		1	0	4	5	/	15	
62	-9.434		-72.113		2510		2	0	3	4	5	/	25	
63	-19.434		-77.887		3067		3	0	1	2	3	/	16	
64	9.434		-72.113		1567		3	0	1	3	/	7	
65	19.434		-77.887		2250		2	0	3	/	3	
66	57.735		-44.226		67		3	0	1	/	1	
67	57.735		-55.774		400		1	0	4	/	4	
68	77.169		-22.113		400		1	0	4	/	4	
69	67.169		-27.887		67		3	0	1	/	1	
70	13.434		47.887		1633		3	0	2	4	/	11	
71	15.434		42.113		2250		2	0	3	/	3	
72	-13.434		47.887		1567		3	0	1	3	/	7	
73	-15.434		42.113		1700		3	0	1	3	4	/	19	
74	-44.188		-7.691		1607		3	0	1	3	5	/	20	
75	-48.188		-12.309		120		1	0	5	/	5	
76	-28.754		-34.423		2510		2	0	3	4	5	/	25	
77	-34.754		-35.577		240		3	0	1	4	5	/	21	
78	28.754		-34.423		2310		2	0	3	5	/	14	
79	34.754		-35.577		1633		3	0	2	4	/	11	
80	44.188		-7.691		120		1	0	5	/	5	
81	48.188		-12.309		1607		3	0	1	2	5	/	18	
82	335.844		139.434		2310		2	0	3	5	/	14	
83	385.844		110.566		1607		3	0	1	2	5	/	18	
84	288.675		278.867		3040		3	0	2	3	5	/	23	
85	288.675		221.132		67		3	0	1	/	1	
86	97.169		389.434		3000		3	0	2	3	/	10	
87	47.169		360.566		520		1	0	4	5	/	15	
88	-97.169		389.434		67		3	0	1	/	1	
89	-47.169		360.566		1540		3	0	2	5	/	12	
90	-288.675		278.867		2510		2	0	3	4	5	/	25	
91	-288.675		221.132		520		1	0	4	5	/	15	
92	-335.844		139.434		1607		3	0	1	2	5	/	18	
93	-385.844		110.566		240		3	0	1	4	5	/	21	
94	-385.844		-110.566		2310		2	0	3	5	/	14	
95	-335.844		-139.434		67		3	0	1	/	1	
96	-288.675		-221.132		1607		3	0	1	2	5	/	18	
97	-288.675		-278.867		3133		3	0	2	3	4	/	22	
98	-47.169		-360.566		1607		3	0	1	3	5	/	20	
99	-97.169		-389.434		3133		3	0	2	3	4	/	22	
100	47.169		-360.566		1633		3	0	2	4	/	11	
101	97.169		-389.434		107		3	0	1	5	/	9	
102	288.675		-221.132		3133		3	0	2	3	4	/	22	
103	288.675		-278.867		400		1	0	4	/	4	
104	385.844		-110.566		1673		3	0	2	4	5	/	24	
105	335.844		-139.434		2310		2	0	3	5	/	14	
106	67.169		239.434		1607		3	0	1	3	5	/	20	
107	77.169		210.566		3067		3	0	1	2	3	/	16	
108	-67.169		239.434		1673		3	0	2	4	5	/	24	
109	-77.169		210.566		1567		3	0	1	3	/	7	
110	-220.94		-38.453		2310		2	0	3	5	/	14	
111	-240.94		-61.547		1673		3	0	2	4	5	/	24	
112	-143.771		-172.113		2510		2	0	3	4	5	/	25	
113	-173.771		-177.887		1633		3	0	2	4	/	11	
114	143.771		-172.113		2510		2	0	3	4	5	/	25	
115	173.771		-177.887		3000		3	0	2	3	/	10	
116	220.94		-38.453		1700		3	0	1	3	4	/	19	
117	240.94		-61.547		2250		2	0	3	/	3	
118	1007.53		418.301		400		1	0	4	/	4	
119	1157.53		331.699		3067		3	0	1	2	3	/	16	
120	866.025		836.602		1500		3	0	2	/	2	
121	866.025		663.397		1633		3	0	2	4	/	11	
122	291.506		1168.3		3000		3	0	2	3	/	10	
123	141.506		1081.7		1607		3	0	1	3	5	/	20	
124	-291.506		1168.3		1673		3	0	2	4	5	/	24	
125	-141.506		1081.7		1500		3	0	2	/	2	
126	-866.025		836.602		520		1	0	4	5	/	15	
127	-866.025		663.397		240		3	0	1	4	5	/	21	
128	-1007.53		418.301		240		3	0	1	4	5	/	21	
129	-1157.53		331.699		2510		2	0	3	4	5	/	25	
130	-1157.53		-331.699		2310		2	0	3	5	/	14	
131	-1007.53		-418.301		1500		3	0	2	/	2	
132	-866.025		-663.397		2450		2	0	3	4	/	13	
133	-866.025		-836.603		1500		3	0	2	/	2	
134	-141.506		-1081.7		1540		3	0	2	5	/	12	
135	-291.506		-1168.3		3040		3	0	2	3	5	/	23	
136	141.506		-1081.7		2250		2	0	3	/	3	
137	291.506		-1168.3		67		3	0	1	/	1	
138	866.025		-663.397		520		1	0	4	5	/	15	
139	866.025		-836.603		520		1	0	4	5	/	15	
140	1157.53		-331.699		1500		3	0	2	/	2	
141	1007.53		-418.301		3040		3	0	2	3	5	/	23	
142	201.506		718.301		67		3	0	1	/	1	
143	231.506		631.699		2510		2	0	3	4	5	/	25	
144	-201.506		718.301		1567		3	0	1	2	/	6	
145	-231.506		631.699		400		1	0	4	/	4	
146	-662.82		-115.359		1500		3	0	2	/	2	
147	-722.82		-184.641		3133		3	0	2	3	4	/	22	
148	-431.314		-516.34		67		3	0	1	/	1	
149	-521.314		-533.66		1700		3	0	1	2	4	/	17	
150	431.314		-516.339		67		3	0	1	/	1	
151	521.314		-533.66		400		1	0	4	/	4	
152	662.82		-115.359		1700		3	0	1	2	4	/	17	
153	722.82		-184.641		1633		3	0	2	4	/	11	
154	594.896		546.179		-1		-1	1	/	0	
155	554.066		-189.954		-1		-1	1	/	0	
156	878.988		-1375.04		-1		-1	1	/	0	
157	911.646		135.514		-1		-1	1	/	0	
158	-312.303		-888.153		-1		-1	1	/	0	
159	220.702		-1329.66		-1		-1	1	/	0	
160	-635.646		1022.53		-1		-1	1	/	0	
161	42.1472		-1183.26		-1		-1	1	/	0	
162	-1241.33		991.59		-1		-1	1	/	0	
163	549.585		-801.312		-1		-1	1	/	0	
164	-59.5375		-757.863		-1		-1	1	/	0	
165	1216.86		-1389.91		-1		-1	1	/	0	
166	618.312		-238.372		-1		-1	1	/	0	
167	1201.96		-1388.88		-1		-1	1	/	0	
168	826.047		1330.99		-1		-1	1	/	0	
169	-92.0476		-219.343		-1		-1	1	/	0	
170	-852.637		106.434		-1		-1	1	/	0	
171	-1196.83		1437.66		-1		-1	1	/	0	
172	995.102		-1047.41		-1		-1	1	/	0	
173	-412.087		-1464.01		-1		-1	1	/	0	
174	374.116		-856.812		-1		-1	1	/	0	
175	-549.618		-1384.07		-1		-1	1	/	0	
