153	23	180000	18000
5
0	0		0		-1		-1	1	/	0	
1	57.735		0		400		1	0	4	/	4	
2	28.867		50		120		1	0	5	/	5	
3	-28.867		50		2250		2	0	3	/	3	
4	-57.735		0		67		3	0	1	/	1	
5	-28.867		-50		2250		2	0	3	/	3	
6	28.867		-50		120		1	0	5	/	5	
7	288.675		0		400		1	0	4	/	4	
8	144.337		250		67		3	0	1	/	1	
9	-144.337		250		120		1	0	5	/	5	
10	-288.675		0		520		1	0	4	5	/	15	
11	-144.337		-250		400		1	0	4	/	4	
12	144.337		-250		2310		2	0	3	5	/	14	
13	866.025		0		107		3	0	1	5	/	9	
14	433.012		750		2450		2	0	3	4	/	13	
15	-433.013		750		107		3	0	1	5	/	9	
16	-866.025		0		1607		3	0	1	2	5	/	18	
17	-433.012		-750		1567		3	0	1	3	/	7	
18	433.012		-750		240		3	0	1	4	5	/	21	
19	86.603		50		1500		3	0	2	/	2	
20	0		100		1500		3	0	2	/	2	
21	-86.603		50		1607		3	0	1	2	5	/	18	
22	-86.603		-50		1607		3	0	1	2	5	/	18	
23	-0		-100		1700		3	0	1	2	4	/	17	
24	86.603		-50		1673		3	0	2	4	5	/	24	
25	0		40		2510		2	0	3	4	5	/	25	
26	-34.641		-20		67		3	0	1	/	1	
27	34.641		-20		67		3	0	1	/	1	
28	433.013		250		120		1	0	5	/	5	
29	0		500		3133		3	0	2	3	4	/	22	
30	-433.013		250		1567		3	0	1	3	/	7	
31	-433.013		-250		1607		3	0	1	2	5	/	18	
32	-0		-500		240		3	0	1	4	5	/	21	
33	433.013		-250		120		1	0	5	/	5	
34	0		200		2450		2	0	3	4	/	13	
35	-173.205		-100		1567		3	0	1	3	/	7	
36	173.205		-100		1567		3	0	1	3	/	7	
37	1299.04		750		1700		3	0	1	3	4	/	19	
38	0		1500		1540		3	0	2	5	/	12	
39	-1299.04		750		107		3	0	1	5	/	9	
40	-1299.04		-750		1567		3	0	1	2	/	6	
41	-0		-1500		1607		3	0	1	2	5	/	18	
42	1299.04		-750		1607		3	0	1	2	5	/	18	
43	0		600		200		3	0	1	4	/	8	
44	-519.615		-300		1500		3	0	2	/	2	
45	519.615		-300		400		1	0	4	/	4	
46	67.169		27.887		1540		3	0	2	5	/	12	
47	77.169		22.113		107		3	0	1	5	/	9	
48	57.735		55.773		200		3	0	1	4	/	8	
49	57.735		44.226		1500		3	0	2	/	2	
50	19.434		77.887		200		3	0	1	4	/	8	
51	9.434		72.113		400		1	0	4	/	4	
52	-19.434		77.887		107		3	0	1	5	/	9	
53	-9.434		72.113		2250		2	0	3	/	3	
54	-57.735		55.773		67		3	0	1	/	1	
55	-57.735		44.226		1567		3	0	1	2	/	6	
56	-67.169		27.887		3040		3	0	2	3	5	/	23	
57	-77.169		22.113		400		1	0	4	/	4	
58	-77.169		-22.113		1633		3	0	2	4	/	11	
59	-67.169		-27.887		200		3	0	1	4	/	8	
60	-57.735		-44.226		3133		3	0	2	3	4	/	22	
61	-57.735		-55.774		1540		3	0	2	5	/	12	
62	-9.434		-72.113		1700		3	0	1	2	4	/	17	
63	-19.434		-77.887		1607		3	0	1	2	5	/	18	
64	9.434		-72.113		2250		2	0	3	/	3	
65	19.434		-77.887		1500		3	0	2	/	2	
66	57.735		-44.226		1700		3	0	1	3	4	/	19	
67	57.735		-55.774		67		3	0	1	/	1	
68	77.169		-22.113		1633		3	0	2	4	/	11	
69	67.169		-27.887		1633		3	0	2	4	/	11	
70	13.434		47.887		120		1	0	5	/	5	
71	15.434		42.113		2310		2	0	3	5	/	14	
72	-13.434		47.887		1633		3	0	2	4	/	11	
73	-15.434		42.113		67		3	0	1	/	1	
74	-44.188		-7.691		1673		3	0	2	4	5	/	24	
75	-48.188		-12.309		3040		3	0	2	3	5	/	23	
76	-28.754		-34.423		2510		2	0	3	4	5	/	25	
77	-34.754		-35.577		400		1	0	4	/	4	
78	28.754		-34.423		400		1	0	4	/	4	
79	34.754		-35.577		240		3	0	1	4	5	/	21	
80	44.188		-7.691		2250		2	0	3	/	3	
81	48.188		-12.309		107		3	0	1	5	/	9	
82	335.844		139.434		1567		3	0	1	2	/	6	
83	385.844		110.566		2250		2	0	3	/	3	
84	288.675		278.867		120		1	0	5	/	5	
85	288.675		221.132		1700		3	0	1	3	4	/	19	
86	97.169		389.434		1567		3	0	1	3	/	7	
87	47.169		360.566		1633		3	0	2	4	/	11	
88	-97.169		389.434		2510		2	0	3	4	5	/	25	
89	-47.169		360.566		2450		2	0	3	4	/	13	
90	-288.675		278.867		67		3	0	1	/	1	
91	-288.675		221.132		400		1	0	4	/	4	
92	-335.844		139.434		400		1	0	4	/	4	
93	-385.844		110.566		1673		3	0	2	4	5	/	24	
94	-385.844		-110.566		1567		3	0	1	3	/	7	
95	-335.844		-139.434		120		1	0	5	/	5	
96	-288.675		-221.132		3133		3	0	2	3	4	/	22	
97	-288.675		-278.867		3040		3	0	2	3	5	/	23	
98	-47.169		-360.566		3040		3	0	2	3	5	/	23	
99	-97.169		-389.434		1500		3	0	2	/	2	
100	47.169		-360.566		2510		2	0	3	4	5	/	25	
101	97.169		-389.434		2310		2	0	3	5	/	14	
102	288.675		-221.132		1500		3	0	2	/	2	
103	288.675		-278.867		1567		3	0	1	2	/	6	
104	385.844		-110.566		1607		3	0	1	3	5	/	20	
105	335.844		-139.434		2310		2	0	3	5	/	14	
106	67.169		239.434		2510		2	0	3	4	5	/	25	
107	77.169		210.566		67		3	0	1	/	1	
108	-67.169		239.434		1500		3	0	2	/	2	
109	-77.169		210.566		1540		3	0	2	5	/	12	
110	-220.94		-38.453		2510		2	0	3	4	5	/	25	
111	-240.94		-61.547		1500		3	0	2	/	2	
112	-143.771		-172.113		2510		2	0	3	4	5	/	25	
113	-173.771		-177.887		1700		3	0	1	2	4	/	17	
114	143.771		-172.113		2450		2	0	3	4	/	13	
115	173.771		-177.887		1607		3	0	1	3	5	/	20	
116	220.94		-38.453		240		3	0	1	4	5	/	21	
117	240.94		-61.547		1567		3	0	1	3	/	7	
118	1007.53		418.301		107		3	0	1	5	/	9	
119	1157.53		331.699		520		1	0	4	5	/	15	
120	866.025		836.602		1500		3	0	2	/	2	
121	866.025		663.397		1500		3	0	2	/	2	
122	291.506		1168.3		1607		3	0	1	3	5	/	20	
123	141.506		1081.7		200		3	0	1	4	/	8	
124	-291.506		1168.3		3067		3	0	1	2	3	/	16	
125	-141.506		1081.7		67		3	0	1	/	1	
126	-866.025		836.602		3000		3	0	2	3	/	10	
127	-866.025		663.397		2310		2	0	3	5	/	14	
128	-1007.53		418.301		3067		3	0	1	2	3	/	16	
129	-1157.53		331.699		2510		2	0	3	4	5	/	25	
130	-1157.53		-331.699		400		1	0	4	/	4	
131	-1007.53		-418.301		200		3	0	1	4	/	8	
132	-866.025		-663.397		520		1	0	4	5	/	15	
133	-866.025		-836.603		200		3	0	1	4	/	8	
134	-141.506		-1081.7		400		1	0	4	/	4	
135	-291.506		-1168.3		3067		3	0	1	2	3	/	16	
136	141.506		-1081.7		2250		2	0	3	/	3	
137	291.506		-1168.3		1567		3	0	1	2	/	6	
138	866.025		-663.397		520		1	0	4	5	/	15	
139	866.025		-836.603		120		1	0	5	/	5	
140	1157.53		-331.699		1607		3	0	1	2	5	/	18	
141	1007.53		-418.301		3040		3	0	2	3	5	/	23	
142	201.506		718.301		240		3	0	1	4	5	/	21	
143	231.506		631.699		120		1	0	5	/	5	
144	-201.506		718.301		2250		2	0	3	/	3	
145	-231.506		631.699		2310		2	0	3	5	/	14	
146	-662.82		-115.359		1633		3	0	2	4	/	11	
147	-722.82		-184.641		1500		3	0	2	/	2	
148	-431.314		-516.34		520		1	0	4	5	/	15	
149	-521.314		-533.66		3040		3	0	2	3	5	/	23	
150	431.314		-516.339		120		1	0	5	/	5	
151	521.314		-533.66		1633		3	0	2	4	/	11	
152	662.82		-115.359		400		1	0	4	/	4	
153	722.82		-184.641		2250		2	0	3	/	3	
154	-614.373		-823.881		-1		-1	1	/	0	
155	43.814		-645.266		-1		-1	1	/	0	
156	434.834		-362.216		-1		-1	1	/	0	
157	638.284		437.35		-1		-1	1	/	0	
158	96.2972		-620.928		-1		-1	1	/	0	
159	-708.772		1304.72		-1		-1	1	/	0	
160	415.725		-75.0616		-1		-1	1	/	0	
161	-558.546		246.392		-1		-1	1	/	0	
162	966.007		-525.645		-1		-1	1	/	0	
163	1125.27		-213.896		-1		-1	1	/	0	
164	243.857		-446.754		-1		-1	1	/	0	
165	1166.87		-1183.79		-1		-1	1	/	0	
166	-912.398		-1057.23		-1		-1	1	/	0	
167	557.203		1238.96		-1		-1	1	/	0	
168	39.8911		-561.343		-1		-1	1	/	0	
169	459.12		184.708		-1		-1	1	/	0	
170	880.946		22.5501		-1		-1	1	/	0	
171	1272.68		-1437.29		-1		-1	1	/	0	
172	1195.85		1496.9		-1		-1	1	/	0	
173	-564.411		-826.153		-1		-1	1	/	0	
174	1298.03		160.091		-1		-1	1	/	0	
175	-1051.86		-220.668		-1		-1	1	/	0	
