192	28	180000	18000
5
0	-12.284		9.158		-1		-1	1	/	0	
1	-44.629		-55.64		1500		3	0	2	/	2	
2	36.096		64.935		1607		3	0	1	2	5	/	18	
3	-25.47		44.58		2250		2	0	3	/	3	
4	-33.954		-73.059		107		3	0	1	5	/	9	
5	45.654		35.73		400		1	0	4	/	4	
6	14.954		-36.719		400		1	0	4	/	4	
7	-1.477		47.205		1633		3	0	2	4	/	11	
8	2.155		-40.912		3067		3	0	1	2	3	/	16	
9	22.992		1.398		2310		2	0	3	5	/	14	
10	-28.857		5.957		1567		3	0	1	2	/	6	
11	-48.12		94.116		400		1	0	4	/	4	
12	7.239		17.322		1673		3	0	2	4	5	/	24	
13	4.614		27.051		240		3	0	1	4	5	/	21	
14	-13.971		28.198		67		3	0	1	/	1	
15	12.946		-11.688		2250		2	0	3	/	3	
16	-36.67		23.102		1567		3	0	1	3	/	7	
17	-4.224		-49.31		400		1	0	4	/	4	
18	1.093		-7.135		400		1	0	4	/	4	
19	-56.958		27.905		520		1	0	4	5	/	15	
20	-80.994		-77.686		1673		3	0	2	4	5	/	24	
21	72.26		59.027		1500		3	0	2	/	2	
22	-21.655		1.636		3040		3	0	2	3	5	/	23	
23	-20.154		-62.415		107		3	0	1	5	/	9	
24	-48.157		6.287		520		1	0	4	5	/	15	
25	-5.078		61.597		520		1	0	4	5	/	15	
26	17.145		-47.046		67		3	0	1	/	1	
27	-16.064		8.557		3067		3	0	1	2	3	/	16	
28	6.683		-27.069		1567		3	0	1	3	/	7	
29	15.027		-34.979		400		1	0	4	/	4	
30	37.946		73.914		120		1	0	5	/	5	
31	-41.199		-43.018		2250		2	0	3	/	3	
32	32.538		11.786		1700		3	0	1	3	4	/	19	
33	-20.306		-20.239		107		3	0	1	5	/	9	
34	-35.48		19.135		520		1	0	4	5	/	15	
35	58.038		56.659		2510		2	0	3	4	5	/	25	
36	-36.694		-6.256		3067		3	0	1	2	3	/	16	
37	0.446		-46.735		107		3	0	1	5	/	9	
38	-19.69		38.977		3067		3	0	1	2	3	/	16	
39	-47.339		20.911		3133		3	0	2	3	4	/	22	
40	-79.236		-57.678		400		1	0	4	/	4	
41	5.597		-34.076		2310		2	0	3	5	/	14	
42	34.454		-8.289		3040		3	0	2	3	5	/	23	
43	18.5		-51.154		240		3	0	1	4	5	/	21	
44	-4.346		-44.525		2250		2	0	3	/	3	
45	-14.148		-74.164		2510		2	0	3	4	5	/	25	
46	19.867		77.515		67		3	0	1	/	1	
47	-50.079		17.871		120		1	0	5	/	5	
48	42.786		-79.883		1500		3	0	2	/	2	
49	1.52		-29.034		200		3	0	1	4	/	8	
50	14.728		-3.436		3067		3	0	1	2	3	/	16	
51	-26.166		-48.999		2310		2	0	3	5	/	14	
52	-63.873		-5.273		200		3	0	1	4	/	8	
53	-54.138		7.086		240		3	0	1	4	5	/	21	
54	17.932		-34.094		1567		3	0	1	2	/	6	
55	-98.706		34.552		1567		3	0	1	2	/	6	
56	28.802		-8.582		120		1	0	5	/	5	
57	2.716		90.594		400		1	0	4	/	4	
58	-31.024		48.938		400		1	0	4	/	4	
59	-46.545		42.316		2450		2	0	3	4	/	13	
60	27.289		58.179		1700		3	0	1	2	4	/	17	
61	28.815		-28.027		520		1	0	4	5	/	15	
62	-26.099		11.328		3067		3	0	1	2	3	/	16	
63	0.537		-26.221		2250		2	0	3	/	3	
64	-50.458		7.812		120		1	0	5	/	5	
65	30.005		19.092		107		3	0	1	5	/	9	
66	-12.604		22.058		120		1	0	5	/	5	
67	22.009		-8.636		240		3	0	1	4	5	/	21	
68	8.942		2.875		3067		3	0	1	2	3	/	16	
69	-19.812		0.922		1500		3	0	2	/	2	
70	-4.23		31.25		2450		2	0	3	4	/	13	
71	17.975		-0.409		520		1	0	4	5	/	15	
72	-2.35		42.938		1607		3	0	1	3	5	/	20	
73	-16.516		68.085		2250		2	0	3	/	3	
74	-1.19		42.023		1673		3	0	2	4	5	/	24	
75	56.635		-44.019		2510		2	0	3	4	5	/	25	
76	57.483		35.504		67		3	0	1	/	1	
77	-26.099		7.477		2250		2	0	3	/	3	
78	7.489		-57.239		1633		3	0	2	4	/	11	
79	-22.095		55.78		3000		3	0	2	3	/	10	
80	19.867		38.824		400		1	0	4	/	4	
81	5.31		49.219		1567		3	0	1	3	/	7	
82	15.155		6.299		3000		3	0	2	3	/	10	
83	5.481		-31.5		1500		3	0	2	/	2	
84	7.959		-28.662		1567		3	0	1	2	/	6	
85	-75.812		4.01		1700		3	0	1	3	4	/	19	
86	-43.671		-61.646		120		1	0	5	/	5	
87	-2.576		-62.14		1673		3	0	2	4	5	/	24	
88	-18.842		-36.884		1500		3	0	2	/	2	
89	20.844		21.167		1607		3	0	1	2	5	/	18	
90	3.137		-19.22		1567		3	0	1	3	/	7	
91	-20.361		18.878		1500		3	0	2	/	2	
92	-0.897		-54.938		1500		3	0	2	/	2	
93	-29.553		9.277		2510		2	0	3	4	5	/	25	
94	5.048		-35.046		1633		3	0	2	4	/	11	
95	27.759		48.712		1500		3	0	2	/	2	
96	12.079		-42.346		120		1	0	5	/	5	
97	-51.27		41.144		67		3	0	1	/	1	
98	-29.077		4.291		2250		2	0	3	/	3	
99	-18.555		-14.819		2510		2	0	3	4	5	/	25	
100	7.855		-49.451		1567		3	0	1	3	/	7	
101	-19.116		-32.086		2250		2	0	3	/	3	
102	17.651		-52.271		200		3	0	1	4	/	8	
103	16.907		-62.964		240		3	0	1	4	5	/	21	
104	18.988		6.219		1540		3	0	2	5	/	12	
105	-68.878		-64.539		67		3	0	1	/	1	
106	-13.361		20.264		3067		3	0	1	2	3	/	16	
107	-44.44		63.721		520		1	0	4	5	/	15	
108	-6.5		71.436		2450		2	0	3	4	/	13	
109	-51.978		25.409		1700		3	0	1	3	4	/	19	
110	-0.739		59.491		120		1	0	5	/	5	
111	-64.679		83.038		200		3	0	1	4	/	8	
112	-11.273		-35.944		3067		3	0	1	2	3	/	16	
113	-16.864		7.776		1633		3	0	2	4	/	11	
114	19.843		-49.805		1607		3	0	1	2	5	/	18	
115	-16.284		-2.936		120		1	0	5	/	5	
116	8.356		67.041		67		3	0	1	/	1	
117	30.878		24.316		1500		3	0	2	/	2	
118	93.524		-20.233		120		1	0	5	/	5	
119	-9.332		-56.177		67		3	0	1	/	1	
120	-34.442		-63.312		3133		3	0	2	3	4	/	22	
121	20.941		-5.646		1567		3	0	1	3	/	7	
122	-3.418		89.594		120		1	0	5	/	5	
123	-18.738		45.227		2250		2	0	3	/	3	
124	2.435		-30.524		3000		3	0	2	3	/	10	
125	-28.864		56.616		107		3	0	1	5	/	9	
126	76.88		-29.901		2510		2	0	3	4	5	/	25	
127	-90.466		10.278		67		3	0	1	/	1	
128	-35.101		46.545		3000		3	0	2	3	/	10	
129	-48.395		43.854		1500		3	0	2	/	2	
130	-40.997		26.703		2510		2	0	3	4	5	/	25	
131	13.696		34.607		240		3	0	1	4	5	/	21	
132	-71.472		11.45		3067		3	0	1	2	3	/	16	
133	-36.23		51.904		3000		3	0	2	3	/	10	
134	-39.465		4.907		1500		3	0	2	/	2	
135	-16.565		23.773		2250		2	0	3	/	3	
136	10.754		-28.552		1567		3	0	1	3	/	7	
137	-23.029		47.015		240		3	0	1	4	5	/	21	
138	-8.807		21.216		3040		3	0	2	3	5	/	23	
139	-40.039		27.435		67		3	0	1	/	1	
140	-37.445		-41.04		2510		2	0	3	4	5	/	25	
141	48.224		0.085		1540		3	0	2	5	/	12	
142	-0.323		68.237		1633		3	0	2	4	/	11	
143	-14.294		-33.423		2450		2	0	3	4	/	13	
144	-1.44		-34.814		240		3	0	1	4	5	/	21	
145	-34.454		42.346		1607		3	0	1	3	5	/	20	
146	8.679		-66.18		240		3	0	1	4	5	/	21	
147	-61.249		-51.367		1500		3	0	2	/	2	
148	-1.093		9.912		200		3	0	1	4	/	8	
149	-16.565		66.547		400		1	0	4	/	4	
150	8.435		52.838		2310		2	0	3	5	/	14	
151	-22.034		-36.896		3133		3	0	2	3	4	/	22	
152	15.765		17.322		1540		3	0	2	5	/	12	
153	9.003		-18.695		2310		2	0	3	5	/	14	
154	-4.584		3.491		67		3	0	1	/	1	
155	8.875		40.662		1540		3	0	2	5	/	12	
156	26.093		-33.966		1607		3	0	1	2	5	/	18	
157	-32.501		39.526		200		3	0	1	4	/	8	
158	-32.629		-82.581		120		1	0	5	/	5	
159	-98.486		22.021		1500		3	0	2	/	2	
160	-59.052		4.163		3133		3	0	2	3	4	/	22	
161	7.428		-2.57		1567		3	0	1	3	/	7	
162	-59.601		12.469		400		1	0	4	/	4	
163	-11.224		-31.83		520		1	0	4	5	/	15	
164	-16.809		-35.04		120		1	0	5	/	5	
165	21.863		18.14		1633		3	0	2	4	/	11	
166	45.038		-61.316		1500		3	0	2	/	2	
167	-48.816		25.568		1540		3	0	2	5	/	12	
168	-32.184		-16.736		2250		2	0	3	/	3	
169	12.439		-41.492		200		3	0	1	4	/	8	
170	-21.082		-77.075		1567		3	0	1	2	/	6	
171	-17.822		-18.518		1633		3	0	2	4	/	11	
172	48.334		93.518		1607		3	0	1	3	5	/	20	
173	-18.677		49.005		2250		2	0	3	/	3	
174	12.14		30.042		1700		3	0	1	2	4	/	17	
175	3.113		-40.302		520		1	0	4	5	/	15	
176	17.133		37.079		1633		3	0	2	4	/	11	
177	22.577		0.836		400		1	0	4	/	4	
178	-30.426		52.942		1567		3	0	1	3	/	7	
179	33.765		-67.108		3067		3	0	1	2	3	/	16	
180	5.414		1.532		1567		3	0	1	2	/	6	
181	72.156		30.103		120		1	0	5	/	5	
182	-24.109		-34.625		1607		3	0	1	3	5	/	20	
183	17.413		75.146		67		3	0	1	/	1	
184	10.638		-60.052		240		3	0	1	4	5	/	21	
185	-5.176		-48.999		1567		3	0	1	3	/	7	
186	-19.342		21.118		3133		3	0	2	3	4	/	22	
187	-46.802		-14.661		67		3	0	1	/	1	
188	-16.779		43.439		120		1	0	5	/	5	
189	14.093		-13.605		1567		3	0	1	2	/	6	
190	-21.063		26.019		107		3	0	1	5	/	9	
191	39.813		-40.668		3000		3	0	2	3	/	10	
192	52.057		30.334		1500		3	0	2	/	2	
193	-22.1526		72.2038		-1		-1	1	/	0	
194	-27.9174		44.8647		-1		-1	1	/	0	
195	-88.2298		3.23041		-1		-1	1	/	0	
196	-98.6602		-51.549		-1		-1	1	/	0	
197	77.1598		27.1534		-1		-1	1	/	0	
198	83.572		89.9645		-1		-1	1	/	0	
199	-53.3182		-17.895		-1		-1	1	/	0	
200	-3.74487		83.0274		-1		-1	1	/	0	
201	-71.8751		7.77878		-1		-1	1	/	0	
202	-78.839		59.6536		-1		-1	1	/	0	
203	3.53239		39.8756		-1		-1	1	/	0	
204	46.2747		4.48766		-1		-1	1	/	0	
205	-37.9703		89.2529		-1		-1	1	/	0	
206	81.7048		-22.1001		-1		-1	1	/	0	
207	-34.1478		-35.4552		-1		-1	1	/	0	
208	15.1543		87.9235		-1		-1	1	/	0	
209	-60.3484		73.6874		-1		-1	1	/	0	
210	76.2207		60.0465		-1		-1	1	/	0	
211	91.6334		-68.453		-1		-1	1	/	0	
212	-2.90663		-66.6041		-1		-1	1	/	0	
213	-39.3988		-63.1834		-1		-1	1	/	0	
214	87.2892		-21.301		-1		-1	1	/	0	
215	-49.0084		-1.11912		-1		-1	1	/	0	
216	81.3977		21.367		-1		-1	1	/	0	
217	43.04		-57.8765		-1		-1	1	/	0	
218	67.2648		10.0972		-1		-1	1	/	0	
219	88.5269		61.8116		-1		-1	1	/	0	
