240	36	180000	18000
5
0	8.681		-10.439		-1		-1	1	/	0	
1	65.991		-49.829		1500		3	0	2	/	2	
2	-36.938		-36.743		1633		3	0	2	4	/	11	
3	-2.734		18.774		200		3	0	1	4	/	8	
4	31.116		-35.907		1567		3	0	1	2	/	6	
5	2.789		8.008		1700		3	0	1	2	4	/	17	
6	31.152		43.665		1700		3	0	1	2	4	/	17	
7	-36.304		-21.307		1567		3	0	1	2	/	6	
8	52.814		35.046		1633		3	0	2	4	/	11	
9	11.267		20.66		1700		3	0	1	2	4	/	17	
10	-0.623		23.114		400		1	0	4	/	4	
11	43.091		-12.36		2450		2	0	3	4	/	13	
12	6.854		19.073		1567		3	0	1	2	/	6	
13	-6.848		25.317		3067		3	0	1	2	3	/	16	
14	-27.93		-23.712		1700		3	0	1	3	4	/	19	
15	33.24		-30.487		1567		3	0	1	3	/	7	
16	63.885		-52.881		67		3	0	1	/	1	
17	-13.672		-43.945		2450		2	0	3	4	/	13	
18	-0.647		-27.502		2250		2	0	3	/	3	
19	59.406		-49.261		200		3	0	1	4	/	8	
20	27.167		-5.713		1567		3	0	1	3	/	7	
21	70.001		-20.844		400		1	0	4	/	4	
22	35.327		-65.167		1700		3	0	1	3	4	/	19	
23	-14.386		-42.236		3000		3	0	2	3	/	10	
24	19.366		30.273		67		3	0	1	/	1	
25	-39.789		10.101		1607		3	0	1	3	5	/	20	
26	-15.753		-40.204		400		1	0	4	/	4	
27	-28.418		-40.503		1567		3	0	1	2	/	6	
28	27.081		9.735		1700		3	0	1	3	4	/	19	
29	22.205		-9.216		1700		3	0	1	3	4	/	19	
30	-0.83		-6.525		1500		3	0	2	/	2	
31	10.217		75.531		1540		3	0	2	5	/	12	
32	7.446		18.5		67		3	0	1	/	1	
33	48.914		-20.294		1567		3	0	1	2	/	6	
34	-18.958		-29.675		3067		3	0	1	2	3	/	16	
35	16.815		-6.659		3133		3	0	2	3	4	/	22	
36	2.509		-30.42		400		1	0	4	/	4	
37	15.424		4.913		67		3	0	1	/	1	
38	60.315		89.801		400		1	0	4	/	4	
39	40.405		-45.367		2510		2	0	3	4	5	/	25	
40	-26.837		-54.272		67		3	0	1	/	1	
41	69.171		72.577		1607		3	0	1	3	5	/	20	
42	-22.815		46.173		1500		3	0	2	/	2	
43	-14.258		-30.249		120		1	0	5	/	5	
44	76.05		12.073		1700		3	0	1	2	4	/	17	
45	63.043		60.022		3133		3	0	2	3	4	/	22	
46	-20.239		-81.97		1633		3	0	2	4	/	11	
47	-41.168		-42.023		1500		3	0	2	/	2	
48	79.199		-29.016		1500		3	0	2	/	2	
49	-20.728		-7.068		520		1	0	4	5	/	15	
50	-4.163		-53.497		1673		3	0	2	4	5	/	24	
51	39.594		-40.46		1700		3	0	1	3	4	/	19	
52	-47.125		-77.85		67		3	0	1	/	1	
53	-1.233		49.182		240		3	0	1	4	5	/	21	
54	-0.372		-27.264		3000		3	0	2	3	/	10	
55	31.537		-8.722		1633		3	0	2	4	/	11	
56	-0.134		-20.264		1540		3	0	2	5	/	12	
57	66.394		-26.691		120		1	0	5	/	5	
58	6.104		-64.093		1700		3	0	1	2	4	/	17	
59	13.544		-20.874		2310		2	0	3	5	/	14	
60	54.211		-6.537		1633		3	0	2	4	/	11	
61	22.046		-34.137		1673		3	0	2	4	5	/	24	
62	-9.723		4.706		240		3	0	1	4	5	/	21	
63	-11.584		-46.857		1673		3	0	2	4	5	/	24	
64	-2.905		-0.305		67		3	0	1	/	1	
65	13.837		-44.452		1700		3	0	1	3	4	/	19	
66	17.48		27.747		1500		3	0	2	/	2	
67	2.972		-43.689		3067		3	0	1	2	3	/	16	
68	-44.354		-38.202		3133		3	0	2	3	4	/	22	
69	-59.399		1.514		3040		3	0	2	3	5	/	23	
70	-13.452		-75.531		520		1	0	4	5	/	15	
71	-5.518		-51.947		107		3	0	1	5	/	9	
72	-9.589		-26.88		1673		3	0	2	4	5	/	24	
73	19.318		29.498		1607		3	0	1	3	5	/	20	
74	26.245		36.743		1607		3	0	1	3	5	/	20	
75	43.707		-28.033		3067		3	0	1	2	3	/	16	
76	-52.026		-35.339		2250		2	0	3	/	3	
77	-8.435		-0.116		1540		3	0	2	5	/	12	
78	89.111		62.122		1607		3	0	1	2	5	/	18	
79	6.067		-16.132		520		1	0	4	5	/	15	
80	27.094		-5.103		67		3	0	1	/	1	
81	27.527		-15.344		3133		3	0	2	3	4	/	22	
82	42.511		32.056		3067		3	0	1	2	3	/	16	
83	25.311		12.689		400		1	0	4	/	4	
84	47.778		-12.769		240		3	0	1	4	5	/	21	
85	-3.143		-13.837		1673		3	0	2	4	5	/	24	
86	12.482		-78.101		400		1	0	4	/	4	
87	-21.039		-3.43		1673		3	0	2	4	5	/	24	
88	-3.149		-55.432		2510		2	0	3	4	5	/	25	
89	53.009		84.9		2310		2	0	3	5	/	14	
90	35.638		-47.552		2450		2	0	3	4	/	13	
91	43.427		-18.439		1607		3	0	1	2	5	/	18	
92	6.598		-54.578		1500		3	0	2	/	2	
93	87.952		94.012		1607		3	0	1	3	5	/	20	
94	39.105		-48.743		107		3	0	1	5	/	9	
95	-48.34		-26.477		2310		2	0	3	5	/	14	
96	72.003		-9.253		1700		3	0	1	2	4	/	17	
97	-37.732		3.351		67		3	0	1	/	1	
98	-65.967		-36.749		1607		3	0	1	3	5	/	20	
99	-16.669		-35.284		400		1	0	4	/	4	
100	10.742		-4.669		1700		3	0	1	2	4	/	17	
101	15.594		-5.817		3133		3	0	2	3	4	/	22	
102	21.606		-18.109		1673		3	0	2	4	5	/	24	
103	9.784		49.28		1607		3	0	1	2	5	/	18	
104	94.147		-4.492		400		1	0	4	/	4	
105	10.382		-16.302		2510		2	0	3	4	5	/	25	
106	-1.453		-0.861		1700		3	0	1	2	4	/	17	
107	-6.219		25.305		67		3	0	1	/	1	
108	-6.25		10.217		1567		3	0	1	2	/	6	
109	-17.444		-70.795		120		1	0	5	/	5	
110	-55.09		-43.854		1700		3	0	1	2	4	/	17	
111	-9.442		23.724		400		1	0	4	/	4	
112	8.978		35.406		120		1	0	5	/	5	
113	-16.754		-0.812		3133		3	0	2	3	4	/	22	
114	66.852		-37.842		2250		2	0	3	/	3	
115	14.716		-23.724		1500		3	0	2	/	2	
116	33.472		20.026		1633		3	0	2	4	/	11	
117	66.394		-70.111		120		1	0	5	/	5	
118	-5.664		8.881		3040		3	0	2	3	5	/	23	
119	-5.103		-46.729		1500		3	0	2	/	2	
120	-8.826		55.743		1700		3	0	1	3	4	/	19	
121	5.847		-3.186		1700		3	0	1	2	4	/	17	
122	-25.726		-37.695		2510		2	0	3	4	5	/	25	
123	-15.363		-24.548		107		3	0	1	5	/	9	
124	43.793		-11.102		1607		3	0	1	2	5	/	18	
125	17.664		-25.604		67		3	0	1	/	1	
126	-39.624		54.883		400		1	0	4	/	4	
127	-24.554		-43.225		1700		3	0	1	2	4	/	17	
128	-26.892		-12.738		1540		3	0	2	5	/	12	
129	34.155		-38.458		520		1	0	4	5	/	15	
130	-47.314		-29.468		3067		3	0	1	2	3	/	16	
131	49.365		-25.592		3000		3	0	2	3	/	10	
132	3.705		-16.449		520		1	0	4	5	/	15	
133	22.43		-23.273		1700		3	0	1	3	4	/	19	
134	-37.549		-29.608		2450		2	0	3	4	/	13	
135	25.549		3.674		107		3	0	1	5	/	9	
136	-15.216		3.284		1500		3	0	2	/	2	
137	-12.939		-7.495		400		1	0	4	/	4	
138	-22.107		26.434		1700		3	0	1	3	4	/	19	
139	-17.944		7.733		3067		3	0	1	2	3	/	16	
140	-21.234		14.49		3133		3	0	2	3	4	/	22	
141	3.503		-19.708		1540		3	0	2	5	/	12	
142	32.599		-14.935		1540		3	0	2	5	/	12	
143	-5.737		-28.296		1607		3	0	1	3	5	/	20	
144	-6.128		-39.624		240		3	0	1	4	5	/	21	
145	-2.46		12.817		1567		3	0	1	3	/	7	
146	-6.47		8.466		1700		3	0	1	2	4	/	17	
147	-37.891		-36.115		1607		3	0	1	3	5	/	20	
148	10.852		-18.75		2250		2	0	3	/	3	
149	50.104		8.636		1567		3	0	1	2	/	6	
150	46.844		4.712		240		3	0	1	4	5	/	21	
151	19.598		-10.406		120		1	0	5	/	5	
152	-38.947		52.942		520		1	0	4	5	/	15	
153	-0.641		-21.289		1633		3	0	2	4	/	11	
154	40.906		-33.765		120		1	0	5	/	5	
155	-0.574		-62.299		200		3	0	1	4	/	8	
156	-9.778		26.794		240		3	0	1	4	5	/	21	
157	34.265		-23.895		200		3	0	1	4	/	8	
158	29.572		-24.561		67		3	0	1	/	1	
159	16.376		-58.887		1673		3	0	2	4	5	/	24	
160	61.877		-15.167		200		3	0	1	4	/	8	
161	40.088		-9.625		1540		3	0	2	5	/	12	
162	0.122		-4.645		3000		3	0	2	3	/	10	
163	-8.929		-43.903		1700		3	0	1	3	4	/	19	
164	-7.135		-57.434		67		3	0	1	/	1	
165	7.55		-21.21		2310		2	0	3	5	/	14	
166	3.949		7.3		67		3	0	1	/	1	
167	-15.118		92.023		2250		2	0	3	/	3	
168	84.821		-24.518		200		3	0	1	4	/	8	
169	-52.325		30.682		1607		3	0	1	3	5	/	20	
170	7.538		13.818		3040		3	0	2	3	5	/	23	
171	-21.484		30.359		400		1	0	4	/	4	
172	36.047		29.883		107		3	0	1	5	/	9	
173	12.781		-40.942		200		3	0	1	4	/	8	
174	-17.291		-10.254		3040		3	0	2	3	5	/	23	
175	-10.541		12.402		2250		2	0	3	/	3	
176	-15.845		-59.46		2250		2	0	3	/	3	
177	29.266		-2.222		2450		2	0	3	4	/	13	
178	-12.598		-58.929		400		1	0	4	/	4	
179	-17.303		-35.297		240		3	0	1	4	5	/	21	
180	57.05		-50.354		2310		2	0	3	5	/	14	
181	26.941		17.444		3040		3	0	2	3	5	/	23	
182	-6.195		-8.881		1567		3	0	1	2	/	6	
183	16.98		-16.321		120		1	0	5	/	5	
184	83.71		-32.52		67		3	0	1	/	1	
185	12.451		34.589		2510		2	0	3	4	5	/	25	
186	15.057		67.004		107		3	0	1	5	/	9	
187	25.818		-5.835		200		3	0	1	4	/	8	
188	13.666		-14.832		3067		3	0	1	2	3	/	16	
189	48.322		-5.164		240		3	0	1	4	5	/	21	
190	13.489		19.739		240		3	0	1	4	5	/	21	
191	-18.512		65.405		200		3	0	1	4	/	8	
192	17.554		38.379		1500		3	0	2	/	2	
193	37.775		-16.003		3067		3	0	1	2	3	/	16	
194	47.968		-30.31		2310		2	0	3	5	/	14	
195	38.806		36.243		3067		3	0	1	2	3	/	16	
196	-16.089		-42.841		1500		3	0	2	/	2	
197	28.656		-1.99		3040		3	0	2	3	5	/	23	
198	-5.859		-1.862		3067		3	0	1	2	3	/	16	
199	60.516		63.416		1700		3	0	1	3	4	/	19	
200	63.196		-47.766		120		1	0	5	/	5	
201	-15.308		-23.285		3067		3	0	1	2	3	/	16	
202	-2.875		0.787		3000		3	0	2	3	/	10	
203	32.056		-10.175		2510		2	0	3	4	5	/	25	
204	-18.634		-25.665		3040		3	0	2	3	5	/	23	
205	-3.632		25.433		400		1	0	4	/	4	
206	10.48		22.888		1607		3	0	1	3	5	/	20	
207	1.819		-3.009		2250		2	0	3	/	3	
208	-25.275		-12.183		400		1	0	4	/	4	
209	56.927		-75.507		107		3	0	1	5	/	9	
210	13.885		-36.23		1567		3	0	1	2	/	6	
211	32.52		-29.523		3040		3	0	2	3	5	/	23	
212	4.803		-7.288		1567		3	0	1	3	/	7	
213	11.365		-8.344		2510		2	0	3	4	5	/	25	
214	17.126		-24.646		400		1	0	4	/	4	
215	-33.661		-41.241		240		3	0	1	4	5	/	21	
216	-32.391		-50.885		1500		3	0	2	/	2	
217	23.041		-14.496		3040		3	0	2	3	5	/	23	
218	-21.857		-39.502		1700		3	0	1	3	4	/	19	
219	32.013		77.332		3040		3	0	2	3	5	/	23	
220	13.831		-76.19		1500		3	0	2	/	2	
221	-8.051		-21.179		67		3	0	1	/	1	
222	25.391		46.613		200		3	0	1	4	/	8	
223	49.536		-54.639		2250		2	0	3	/	3	
224	63.416		-8.636		67		3	0	1	/	1	
225	2.301		-5.536		1540		3	0	2	5	/	12	
226	52.423		29.895		520		1	0	4	5	/	15	
227	9.296		-16.254		2310		2	0	3	5	/	14	
228	34.845		-96.185		1633		3	0	2	4	/	11	
229	-21.063		-41.498		2450		2	0	3	4	/	13	
230	28.448		10.242		3133		3	0	2	3	4	/	22	
231	16.254		-22.583		3133		3	0	2	3	4	/	22	
232	-36.639		-34.033		107		3	0	1	5	/	9	
233	-27.356		-50.177		1607		3	0	1	2	5	/	18	
234	-53.705		11.334		1567		3	0	1	3	/	7	
235	26.276		-5.994		3067		3	0	1	2	3	/	16	
236	-31.519		34.589		1673		3	0	2	4	5	/	24	
237	-14.612		-31.506		240		3	0	1	4	5	/	21	
238	-4.242		-30.865		3000		3	0	2	3	/	10	
239	-18.524		-29.486		3040		3	0	2	3	5	/	23	
240	-17.133		-19.397		520		1	0	4	5	/	15	
241	44.0134		70.2109		-1		-1	1	/	0	
242	68.12		-85.2071		-1		-1	1	/	0	
243	-11.3556		-80.4957		-1		-1	1	/	0	
244	-35.183		-70.4646		-1		-1	1	/	0	
245	-14.588		46.4385		-1		-1	1	/	0	
246	-60.0823		40.0412		-1		-1	1	/	0	
247	34.0123		-35.2053		-1		-1	1	/	0	
248	25.6146		-54.2331		-1		-1	1	/	0	
249	51.542		20.8785		-1		-1	1	/	0	
250	62.4098		35.2308		-1		-1	1	/	0	
251	61.8177		37.888		-1		-1	1	/	0	
252	63.3049		74.357		-1		-1	1	/	0	
253	46.4314		-13.0965		-1		-1	1	/	0	
254	28.1258		17.4199		-1		-1	1	/	0	
255	-11.5762		-29.732		-1		-1	1	/	0	
256	-13.9797		-77.3325		-1		-1	1	/	0	
257	69.9027		83.0919		-1		-1	1	/	0	
258	16.0228		48.9693		-1		-1	1	/	0	
259	-33.2108		4.87439		-1		-1	1	/	0	
260	-21.4493		-44.184		-1		-1	1	/	0	
261	-55.5465		29.322		-1		-1	1	/	0	
262	33.3287		-28.8229		-1		-1	1	/	0	
263	91.2114		25.9499		-1		-1	1	/	0	
264	-56.3601		-81.1671		-1		-1	1	/	0	
265	-59.3877		14.8521		-1		-1	1	/	0	
266	-11.5424		11.7931		-1		-1	1	/	0	
267	-18.897		36.0197		-1		-1	1	/	0	
268	65.0121		-61.4186		-1		-1	1	/	0	
269	-25.5144		-88.9256		-1		-1	1	/	0	
270	8.64859		74.0905		-1		-1	1	/	0	
271	-56.189		-34.699		-1		-1	1	/	0	
272	-63.3669		-15.6708		-1		-1	1	/	0	
273	83.7108		18.5081		-1		-1	1	/	0	
274	39.7515		-53.737		-1		-1	1	/	0	
275	-36.2445		-89.2236		-1		-1	1	/	0	
