288	43	180000	18000
5
0	-2.676		-9.467		-1		-1	1	/	0	
1	-66.174		-37.811		1607		3	0	1	2	5	/	18	
2	2.673		-35.223		1700		3	0	1	3	4	/	19	
3	38.751		8.618		2510		2	0	3	4	5	/	25	
4	62.653		20.667		520		1	0	4	5	/	15	
5	60.974		-6.11		120		1	0	5	/	5	
6	-98.535		-39.532		1500		3	0	2	/	2	
7	8.411		-81.274		400		1	0	4	/	4	
8	-14.569		26.056		1540		3	0	2	5	/	12	
9	-34.186		-76.697		240		3	0	1	4	5	/	21	
10	55.145		-33.911		3133		3	0	2	3	4	/	22	
11	15.869		8.716		2510		2	0	3	4	5	/	25	
12	-63.416		-20.282		67		3	0	1	/	1	
13	-9.357		-42.212		120		1	0	5	/	5	
14	-53.619		3.729		200		3	0	1	4	/	8	
15	53.491		-3.308		200		3	0	1	4	/	8	
16	-22.614		-32.794		1500		3	0	2	/	2	
17	39.612		-1.55		107		3	0	1	5	/	9	
18	16.705		-22.748		120		1	0	5	/	5	
19	-51.245		-13.757		2250		2	0	3	/	3	
20	-29.907		14.38		1500		3	0	2	/	2	
21	-70.441		-27.911		1500		3	0	2	/	2	
22	-75.385		-30.811		1500		3	0	2	/	2	
23	10.59		-28.931		1607		3	0	1	3	5	/	20	
24	86.34		-45.935		400		1	0	4	/	4	
25	3.864		34.583		1540		3	0	2	5	/	12	
26	-37.598		-42.114		400		1	0	4	/	4	
27	69.44		1.379		67		3	0	1	/	1	
28	-13.818		1.245		2250		2	0	3	/	3	
29	-27.124		-38.037		1567		3	0	1	3	/	7	
30	-69.348		-14.734		520		1	0	4	5	/	15	
31	58.575		29.346		2250		2	0	3	/	3	
32	58.105		31.702		2250		2	0	3	/	3	
33	-62.25		-16.425		107		3	0	1	5	/	9	
34	-66.382		13.586		120		1	0	5	/	5	
35	68.03		-12.482		240		3	0	1	4	5	/	21	
36	-30.701		-41.681		1500		3	0	2	/	2	
37	-55.389		-51.05		240		3	0	1	4	5	/	21	
38	36.237		-2.655		67		3	0	1	/	1	
39	-1.215		5.591		1567		3	0	1	3	/	7	
40	10.278		-23.95		1700		3	0	1	2	4	/	17	
41	-7.159		36.859		3067		3	0	1	2	3	/	16	
42	-90.204		61.169		520		1	0	4	5	/	15	
43	46.368		65.082		1700		3	0	1	2	4	/	17	
44	13.348		31.372		2250		2	0	3	/	3	
45	-73.566		-28.839		3133		3	0	2	3	4	/	22	
46	-41.528		-37.097		2310		2	0	3	5	/	14	
47	-60.938		-27.246		1607		3	0	1	3	5	/	20	
48	38.312		54.376		1607		3	0	1	2	5	/	18	
49	26.306		11.975		1500		3	0	2	/	2	
50	10.297		-48.346		3040		3	0	2	3	5	/	23	
51	52.417		-28.363		120		1	0	5	/	5	
52	-43.756		-39.343		1633		3	0	2	4	/	11	
53	49.316		11.395		520		1	0	4	5	/	15	
54	45.593		4.346		2310		2	0	3	5	/	14	
55	-25.989		-15.814		120		1	0	5	/	5	
56	65.253		-59.631		240		3	0	1	4	5	/	21	
57	12.109		-34.387		2250		2	0	3	/	3	
58	12.39		-16.254		1700		3	0	1	3	4	/	19	
59	0.525		69.611		2250		2	0	3	/	3	
60	-8.679		7.77		1500		3	0	2	/	2	
61	41.467		-35.016		3040		3	0	2	3	5	/	23	
62	11.859		-34.973		1700		3	0	1	3	4	/	19	
63	-1.306		-58.063		1500		3	0	2	/	2	
64	6.024		-31.018		3133		3	0	2	3	4	/	22	
65	1.788		-32.544		240		3	0	1	4	5	/	21	
66	29.272		-6.494		3000		3	0	2	3	/	10	
67	23.95		10.742		1540		3	0	2	5	/	12	
68	-65.887		40.912		1500		3	0	2	/	2	
69	-10.095		26.257		3000		3	0	2	3	/	10	
70	58.093		67.352		1500		3	0	2	/	2	
71	90.015		9.485		200		3	0	1	4	/	8	
72	-6.622		15.216		1700		3	0	1	3	4	/	19	
73	-2.875		-42.841		240		3	0	1	4	5	/	21	
74	-37.714		-7.306		120		1	0	5	/	5	
75	44.171		-11.224		3040		3	0	2	3	5	/	23	
76	-58.704		-2.808		1540		3	0	2	5	/	12	
77	-3.912		10.071		1540		3	0	2	5	/	12	
78	-41.37		-1.495		1700		3	0	1	2	4	/	17	
79	58.179		27.563		1633		3	0	2	4	/	11	
80	-63.861		26.147		400		1	0	4	/	4	
81	-56.793		-15.918		520		1	0	4	5	/	15	
82	22.217		-27.509		400		1	0	4	/	4	
83	-1.031		-14.838		67		3	0	1	/	1	
84	-57.703		-10.48		1567		3	0	1	3	/	7	
85	80.847		6.299		1633		3	0	2	4	/	11	
86	2.887		10.822		1700		3	0	1	3	4	/	19	
87	-37.39		-7.8		400		1	0	4	/	4	
88	-33.6		-26.74		1607		3	0	1	3	5	/	20	
89	95.197		24.231		1540		3	0	2	5	/	12	
90	-13.904		29.327		1633		3	0	2	4	/	11	
91	-53.461		9.296		1567		3	0	1	3	/	7	
92	67.578		13.007		2250		2	0	3	/	3	
93	-83.881		-53.265		200		3	0	1	4	/	8	
94	30.255		-72.43		107		3	0	1	5	/	9	
95	-22.333		-20.538		1700		3	0	1	2	4	/	17	
96	3.741		-35.461		1700		3	0	1	2	4	/	17	
97	-20.093		-43.982		200		3	0	1	4	/	8	
98	-47.687		-21.1		3067		3	0	1	2	3	/	16	
99	-20.447		-13.849		2510		2	0	3	4	5	/	25	
100	34.515		3.967		1540		3	0	2	5	/	12	
101	20.514		-11.884		107		3	0	1	5	/	9	
102	-46.039		-22.565		2250		2	0	3	/	3	
103	-39.63		25.385		107		3	0	1	5	/	9	
104	-1.025		50.433		2510		2	0	3	4	5	/	25	
105	-28.632		23.486		1673		3	0	2	4	5	/	24	
106	-52.997		-16.248		3040		3	0	2	3	5	/	23	
107	-3.345		-22.955		67		3	0	1	/	1	
108	-62.64		-26.349		240		3	0	1	4	5	/	21	
109	25.403		0.531		3040		3	0	2	3	5	/	23	
110	-29.895		72.919		400		1	0	4	/	4	
111	26.63		1.971		2450		2	0	3	4	/	13	
112	-9.814		35.004		2250		2	0	3	/	3	
113	-7.758		-42.426		3133		3	0	2	3	4	/	22	
114	28.918		-7.117		1500		3	0	2	/	2	
115	47.693		36.108		1500		3	0	2	/	2	
116	-53.168		5.206		3067		3	0	1	2	3	/	16	
117	17.56		13.214		2250		2	0	3	/	3	
118	6.836		-2.496		1607		3	0	1	3	5	/	20	
119	-17.322		97.26		1540		3	0	2	5	/	12	
120	22.406		26.532		2510		2	0	3	4	5	/	25	
121	-73.09		-13.251		1673		3	0	2	4	5	/	24	
122	-64.996		-4.578		107		3	0	1	5	/	9	
123	-34.906		-43.903		3067		3	0	1	2	3	/	16	
124	-92.346		-4.517		1700		3	0	1	3	4	/	19	
125	0.647		-8.496		120		1	0	5	/	5	
126	5.048		-37.323		1700		3	0	1	3	4	/	19	
127	-19.08		-14.178		1633		3	0	2	4	/	11	
128	-71.704		-11.45		67		3	0	1	/	1	
129	-45.581		-28.717		1567		3	0	1	3	/	7	
130	-28.351		-23.914		200		3	0	1	4	/	8	
131	-16.486		30.92		3040		3	0	2	3	5	/	23	
132	-83.423		-20.935		1700		3	0	1	2	4	/	17	
133	-12.054		-20.612		1607		3	0	1	3	5	/	20	
134	-7.184		-63.721		1500		3	0	2	/	2	
135	34.546		-8.881		240		3	0	1	4	5	/	21	
136	-4.865		73.694		240		3	0	1	4	5	/	21	
137	-36.005		-3.876		3000		3	0	2	3	/	10	
138	-28.4		-21.82		67		3	0	1	/	1	
139	-56.281		-15.112		120		1	0	5	/	5	
140	-11.017		42.151		2450		2	0	3	4	/	13	
141	-63.092		-62.573		1607		3	0	1	3	5	/	20	
142	29.486		79.944		1700		3	0	1	2	4	/	17	
143	-65.674		-0.238		2450		2	0	3	4	/	13	
144	46.13		-20.416		1540		3	0	2	5	/	12	
145	1.575		-16.364		3067		3	0	1	2	3	/	16	
146	40.277		-1.379		1567		3	0	1	3	/	7	
147	-15.271		42.249		400		1	0	4	/	4	
148	33.215		-16.614		107		3	0	1	5	/	9	
149	-72.388		13.074		1607		3	0	1	3	5	/	20	
150	-24.487		5.273		3133		3	0	2	3	4	/	22	
151	-6.598		-30.957		1700		3	0	1	3	4	/	19	
152	31.287		21.332		1700		3	0	1	3	4	/	19	
153	20.557		0.378		1673		3	0	2	4	5	/	24	
154	-67.2		-41.339		1567		3	0	1	2	/	6	
155	22.168		-40.375		200		3	0	1	4	/	8	
156	31.165		2.222		1700		3	0	1	3	4	/	19	
157	74.634		30.219		2250		2	0	3	/	3	
158	60.699		81.116		200		3	0	1	4	/	8	
159	-60.736		24.133		2250		2	0	3	/	3	
160	1.978		17.517		520		1	0	4	5	/	15	
161	-80.566		-38.196		3000		3	0	2	3	/	10	
162	-49.927		-36.713		2450		2	0	3	4	/	13	
163	-60.449		-27.82		1700		3	0	1	3	4	/	19	
164	-78.748		-44.226		3040		3	0	2	3	5	/	23	
165	54.26		-9.259		1500		3	0	2	/	2	
166	-42.059		-26.636		1633		3	0	2	4	/	11	
167	-57.336		-16.718		120		1	0	5	/	5	
168	-1.276		-13.33		2250		2	0	3	/	3	
169	-24.158		39.197		120		1	0	5	/	5	
170	17.908		-40.442		1500		3	0	2	/	2	
171	59.833		-3.674		120		1	0	5	/	5	
172	-3.51		6.256		67		3	0	1	/	1	
173	40.167		8.594		3067		3	0	1	2	3	/	16	
174	-1.691		-54.376		1700		3	0	1	3	4	/	19	
175	-36.035		-17.065		400		1	0	4	/	4	
176	7.275		-4.144		2250		2	0	3	/	3	
177	30.219		-6.83		1633		3	0	2	4	/	11	
178	-26.379		-63.055		2450		2	0	3	4	/	13	
179	28.772		-0.031		2310		2	0	3	5	/	14	
180	2.625		5.072		2250		2	0	3	/	3	
181	3.595		-21.6		240		3	0	1	4	5	/	21	
182	-64.948		-10.956		2510		2	0	3	4	5	/	25	
183	18.671		-41.01		2310		2	0	3	5	/	14	
184	29.291		12.799		1540		3	0	2	5	/	12	
185	4.529		26.654		1700		3	0	1	3	4	/	19	
186	25.36		29.718		240		3	0	1	4	5	/	21	
187	57.349		-15.405		1500		3	0	2	/	2	
188	-11.566		-19.012		107		3	0	1	5	/	9	
189	-45.441		-71.808		2510		2	0	3	4	5	/	25	
190	2.197		-3.564		520		1	0	4	5	/	15	
191	-1.855		-24.475		400		1	0	4	/	4	
192	-59.851		-48.938		1500		3	0	2	/	2	
193	70.081		-17.816		200		3	0	1	4	/	8	
194	-4.932		28.754		120		1	0	5	/	5	
195	-46.625		-23.529		1607		3	0	1	3	5	/	20	
196	-49.872		-35.339		3067		3	0	1	2	3	/	16	
197	-67.499		8.142		2310		2	0	3	5	/	14	
198	31.195		-18.243		200		3	0	1	4	/	8	
199	-42.139		-52.704		2450		2	0	3	4	/	13	
200	-15.094		18.933		1500		3	0	2	/	2	
201	-78.625		-24.341		200		3	0	1	4	/	8	
202	51.471		-9.607		1540		3	0	2	5	/	12	
203	29.987		-31.061		3133		3	0	2	3	4	/	22	
204	46.741		1.453		1607		3	0	1	2	5	/	18	
205	-52.954		31.738		2250		2	0	3	/	3	
206	10.535		-61.432		3133		3	0	2	3	4	/	22	
207	-15.948		-56.012		240		3	0	1	4	5	/	21	
208	-7.776		-54.73		3040		3	0	2	3	5	/	23	
209	11.047		-20.905		1540		3	0	2	5	/	12	
210	-24.359		-23.047		67		3	0	1	/	1	
211	2.948		-20.398		3067		3	0	1	2	3	/	16	
212	-82.654		24.323		120		1	0	5	/	5	
213	-12.134		42.065		1673		3	0	2	4	5	/	24	
214	-98.035		-36.359		2450		2	0	3	4	/	13	
215	-61.102		-13.477		1607		3	0	1	2	5	/	18	
216	-39.136		6.287		1567		3	0	1	3	/	7	
217	41.18		7.971		2250		2	0	3	/	3	
218	4.254		19.83		3040		3	0	2	3	5	/	23	
219	-34.143		-37.915		2250		2	0	3	/	3	
220	-4.559		23.566		67		3	0	1	/	1	
221	37.891		-1.947		1633		3	0	2	4	/	11	
222	78.259		15.936		240		3	0	1	4	5	/	21	
223	-8.661		-25.11		1607		3	0	1	2	5	/	18	
224	10.071		37.164		2310		2	0	3	5	/	14	
225	-42.621		-46.985		1500		3	0	2	/	2	
226	92.157		-94.183		2510		2	0	3	4	5	/	25	
227	32.202		-39.844		2510		2	0	3	4	5	/	25	
228	-55.231		-15.027		67		3	0	1	/	1	
229	-26.746		-21.49		2250		2	0	3	/	3	
230	-75.513		-0.708		1607		3	0	1	3	5	/	20	
231	34.021		12.665		1673		3	0	2	4	5	/	24	
232	-2.643		-20.831		200		3	0	1	4	/	8	
233	53.369		13.77		1607		3	0	1	3	5	/	20	
234	-14.948		-40.259		2250		2	0	3	/	3	
235	67.828		5.75		107		3	0	1	5	/	9	
236	-13.22		-26.031		1607		3	0	1	3	5	/	20	
237	4.169		-32.617		1673		3	0	2	4	5	/	24	
238	-26.05		-33.313		1607		3	0	1	3	5	/	20	
239	31.964		-45.703		3133		3	0	2	3	4	/	22	
240	96.82		26.208		2250		2	0	3	/	3	
241	-44.696		-37.854		1567		3	0	1	3	/	7	
242	33.417		11.792		1567		3	0	1	3	/	7	
243	-35.187		19.226		2250		2	0	3	/	3	
244	-14.233		-74.988		400		1	0	4	/	4	
245	37.158		-0.836		2450		2	0	3	4	/	13	
246	-51.697		-26.447		107		3	0	1	5	/	9	
247	23.535		5.896		2510		2	0	3	4	5	/	25	
248	-18.433		53.711		67		3	0	1	/	1	
249	-11.34		-17.621		520		1	0	4	5	/	15	
250	-7.812		-35.895		120		1	0	5	/	5	
251	3.522		26.941		1567		3	0	1	2	/	6	
252	-46.588		-22.266		2510		2	0	3	4	5	/	25	
253	-2.997		-0.549		2250		2	0	3	/	3	
254	32.147		17.151		400		1	0	4	/	4	
255	32.019		13.007		2310		2	0	3	5	/	14	
256	-6.628		29.889		1673		3	0	2	4	5	/	24	
257	77.777		-25.397		1567		3	0	1	3	/	7	
258	30.707		65.704		2450		2	0	3	4	/	13	
259	-43.811		-43.036		67		3	0	1	/	1	
260	49.561		16.827		1540		3	0	2	5	/	12	
261	-28.931		-0.439		1673		3	0	2	4	5	/	24	
262	40.363		16.382		1500		3	0	2	/	2	
263	22.748		40.674		2450		2	0	3	4	/	13	
264	-1.471		6.567		3133		3	0	2	3	4	/	22	
265	-1.19		16.864		1500		3	0	2	/	2	
266	8.032		41.821		200		3	0	1	4	/	8	
267	-44.019		-22.784		400		1	0	4	/	4	
268	12.366		-11.353		2250		2	0	3	/	3	
269	33.276		15.881		400		1	0	4	/	4	
270	-34.79		-15.045		1567		3	0	1	2	/	6	
271	-96.857		-19.391		3133		3	0	2	3	4	/	22	
272	38.434		-5.353		3133		3	0	2	3	4	/	22	
273	-25.391		0.22		2310		2	0	3	5	/	14	
274	0.848		-31.86		67		3	0	1	/	1	
275	-24.023		95.691		3000		3	0	2	3	/	10	
276	-4.272		35.468		200		3	0	1	4	/	8	
277	-6.927		1.855		1567		3	0	1	3	/	7	
278	-70.953		-3.217		1500		3	0	2	/	2	
279	-32.648		-16.522		1700		3	0	1	2	4	/	17	
280	42.859		-21.68		67		3	0	1	/	1	
281	5.182		6.403		1633		3	0	2	4	/	11	
282	36.92		-4.987		3067		3	0	1	2	3	/	16	
283	49.591		27.783		1633		3	0	2	4	/	11	
284	45.038		10.785		3067		3	0	1	2	3	/	16	
285	7.69		14.056		1567		3	0	1	2	/	6	
286	-60.907		18.64		3040		3	0	2	3	5	/	23	
287	-64.496		8.923		1673		3	0	2	4	5	/	24	
288	37.158		-14.99		1673		3	0	2	4	5	/	24	
289	-56.9307		-50.1434		-1		-1	1	/	0	
290	-81.4828		77.4588		-1		-1	1	/	0	
291	90.2127		-4.42372		-1		-1	1	/	0	
292	-93.71		-64.9193		-1		-1	1	/	0	
293	-32.0915		34.1339		-1		-1	1	/	0	
294	67.1383		42.9501		-1		-1	1	/	0	
295	-52.5418		-30.0296		-1		-1	1	/	0	
296	57.0286		-18.5144		-1		-1	1	/	0	
297	-37.1532		-28.7538		-1		-1	1	/	0	
298	-14.2605		59.0869		-1		-1	1	/	0	
299	-71.0272		-38.4957		-1		-1	1	/	0	
300	-73.2349		88.3529		-1		-1	1	/	0	
301	-64.9016		14.1753		-1		-1	1	/	0	
302	-31.6074		-44.5922		-1		-1	1	/	0	
303	-24.636		-19.4644		-1		-1	1	/	0	
304	56.9396		-23.9383		-1		-1	1	/	0	
305	-72.1683		36.9275		-1		-1	1	/	0	
306	-71.4491		10.1749		-1		-1	1	/	0	
307	-57.8144		12.2402		-1		-1	1	/	0	
308	22.7123		-15.9955		-1		-1	1	/	0	
309	3.69328		39.2346		-1		-1	1	/	0	
310	63.261		-71.3662		-1		-1	1	/	0	
311	-73.8136		96.4856		-1		-1	1	/	0	
312	-57.3579		18.8272		-1		-1	1	/	0	
313	30.4284		88.0777		-1		-1	1	/	0	
314	21.673		18.5646		-1		-1	1	/	0	
315	-5.41338		33.7224		-1		-1	1	/	0	
316	7.26977		-35.9252		-1		-1	1	/	0	
317	8.75689		86.9633		-1		-1	1	/	0	
318	-17.4021		55.8222		-1		-1	1	/	0	
319	-92.2481		15.5319		-1		-1	1	/	0	
320	-90.1094		54.0224		-1		-1	1	/	0	
321	49.7299		28.7016		-1		-1	1	/	0	
322	-88.9672		14.2538		-1		-1	1	/	0	
323	14.3733		50.0888		-1		-1	1	/	0	
324	57.2777		33.6035		-1		-1	1	/	0	
325	77.943		-60.1603		-1		-1	1	/	0	
326	80.2259		27.9596		-1		-1	1	/	0	
327	87.9834		-71.4899		-1		-1	1	/	0	
328	-95.9504		-12.8113		-1		-1	1	/	0	
329	-39.9831		-51.7936		-1		-1	1	/	0	
330	-45.5996		-35.5906		-1		-1	1	/	0	
