216	32	180000	18000
5
0	3.871		-2.597		-1		-1	1	/	0	
1	-41.235		-66.357		1700		3	0	1	3	4	/	19	
2	34.064		-59.357		1607		3	0	1	2	5	/	18	
3	20.917		-52.582		120		1	0	5	/	5	
4	-38.538		-37.396		1633		3	0	2	4	/	11	
5	41.058		22.931		1633		3	0	2	4	/	11	
6	-54.034		-53.131		1567		3	0	1	2	/	6	
7	8.099		80.725		2510		2	0	3	4	5	/	25	
8	81.299		13.409		2450		2	0	3	4	/	13	
9	14.459		-2.972		1607		3	0	1	3	5	/	20	
10	-52.539		60.107		1673		3	0	2	4	5	/	24	
11	-57.202		-34.229		1500		3	0	2	/	2	
12	-65.552		-40.222		1700		3	0	1	3	4	/	19	
13	-19.751		-10.278		67		3	0	1	/	1	
14	-26.965		-87.012		200		3	0	1	4	/	8	
15	3.192		-88.654		1567		3	0	1	2	/	6	
16	34.521		32.837		400		1	0	4	/	4	
17	80.035		5.273		1540		3	0	2	5	/	12	
18	-39.838		-67.731		1500		3	0	2	/	2	
19	14.6		11.365		2450		2	0	3	4	/	13	
20	-20.99		-80.511		200		3	0	1	4	/	8	
21	48.242		47.284		3067		3	0	1	2	3	/	16	
22	59.338		-31.86		1607		3	0	1	2	5	/	18	
23	-13.995		-45.624		2250		2	0	3	/	3	
24	32.397		-32.532		1700		3	0	1	3	4	/	19	
25	2.826		50.824		120		1	0	5	/	5	
26	-66.077		-34.686		2510		2	0	3	4	5	/	25	
27	-13.66		18.64		3067		3	0	1	2	3	/	16	
28	-59.344		12.769		107		3	0	1	5	/	9	
29	-5.133		-18.463		120		1	0	5	/	5	
30	-22.961		-21.729		1607		3	0	1	2	5	/	18	
31	58.13		46.606		1500		3	0	2	/	2	
32	-49.603		-76.624		2250		2	0	3	/	3	
33	-4.803		43.036		120		1	0	5	/	5	
34	68.616		-19.623		1607		3	0	1	2	5	/	18	
35	37.915		63.599		3133		3	0	2	3	4	/	22	
36	1.251		-26.55		3067		3	0	1	2	3	/	16	
37	-37.952		1.685		1500		3	0	2	/	2	
38	-40.503		8.038		3067		3	0	1	2	3	/	16	
39	-8.392		-38.678		120		1	0	5	/	5	
40	-36.725		25.494		2450		2	0	3	4	/	13	
41	-47.754		-50.073		1567		3	0	1	2	/	6	
42	22.595		-28.357		1633		3	0	2	4	/	11	
43	-36.365		-48.163		1567		3	0	1	3	/	7	
44	75.452		-13.422		400		1	0	4	/	4	
45	-64.52		-13.232		520		1	0	4	5	/	15	
46	1.257		29.156		3040		3	0	2	3	5	/	23	
47	-1.569		-35.974		1500		3	0	2	/	2	
48	46.747		6.696		1607		3	0	1	2	5	/	18	
49	82.08		27.057		1500		3	0	2	/	2	
50	74.695		19.366		400		1	0	4	/	4	
51	47.015		9.338		1567		3	0	1	3	/	7	
52	-62.036		-21.326		520		1	0	4	5	/	15	
53	9.192		20.038		3040		3	0	2	3	5	/	23	
54	-3.094		21.582		1500		3	0	2	/	2	
55	-75.446		13.086		120		1	0	5	/	5	
56	10.034		-63.739		240		3	0	1	4	5	/	21	
57	71.814		26.501		200		3	0	1	4	/	8	
58	18.842		-38.019		1500		3	0	2	/	2	
59	-10.541		-31.305		2450		2	0	3	4	/	13	
60	8.252		-91.15		3133		3	0	2	3	4	/	22	
61	72.821		-38.916		1700		3	0	1	2	4	/	17	
62	-30.157		38.776		2250		2	0	3	/	3	
63	-56.256		-5.548		1633		3	0	2	4	/	11	
64	-8.398		-37.604		1500		3	0	2	/	2	
65	15.021		13.708		2510		2	0	3	4	5	/	25	
66	-60.199		24.292		1607		3	0	1	3	5	/	20	
67	-13.794		-27.106		1673		3	0	2	4	5	/	24	
68	-34.796		-22.205		3000		3	0	2	3	/	10	
69	69.641		83.057		1607		3	0	1	2	5	/	18	
70	-44.44		30.09		1633		3	0	2	4	/	11	
71	48.633		3.021		107		3	0	1	5	/	9	
72	-15.314		51.709		120		1	0	5	/	5	
73	36.261		26.782		1500		3	0	2	/	2	
74	59.961		24.31		107		3	0	1	5	/	9	
75	55.304		6.628		520		1	0	4	5	/	15	
76	39.96		48.297		400		1	0	4	/	4	
77	-48.895		-71.1		1540		3	0	2	5	/	12	
78	-2.338		-62.909		67		3	0	1	/	1	
79	9.491		-41.901		3040		3	0	2	3	5	/	23	
80	-54.675		-18.439		120		1	0	5	/	5	
81	10.98		-7.605		1607		3	0	1	3	5	/	20	
82	-69.824		-50.354		2510		2	0	3	4	5	/	25	
83	-40.308		-7.452		1500		3	0	2	/	2	
84	62.244		43.628		3133		3	0	2	3	4	/	22	
85	29.077		63.116		2450		2	0	3	4	/	13	
86	-12.067		-21.509		2450		2	0	3	4	/	13	
87	14.728		28.906		1700		3	0	1	2	4	/	17	
88	-63.086		-60.114		3067		3	0	1	2	3	/	16	
89	33.655		-0.928		1607		3	0	1	2	5	/	18	
90	-12.225		14.148		400		1	0	4	/	4	
91	-89.966		51.514		1700		3	0	1	3	4	/	19	
92	-0.763		41.339		400		1	0	4	/	4	
93	80.695		32.983		400		1	0	4	/	4	
94	-53.394		-14.24		67		3	0	1	/	1	
95	-53.284		-64.136		400		1	0	4	/	4	
96	73.26		10.669		1607		3	0	1	2	5	/	18	
97	59.613		13.452		1607		3	0	1	3	5	/	20	
98	-37.012		6.476		1567		3	0	1	2	/	6	
99	-53.656		21.692		3000		3	0	2	3	/	10	
100	-36.89		18.372		1500		3	0	2	/	2	
101	-4.608		-13.806		240		3	0	1	4	5	/	21	
102	53.802		36.993		107		3	0	1	5	/	9	
103	48.468		-66.04		1500		3	0	2	/	2	
104	-46.393		-20.929		3000		3	0	2	3	/	10	
105	-15.045		-40.845		3133		3	0	2	3	4	/	22	
106	-73.621		-9.552		2450		2	0	3	4	/	13	
107	92.847		45.587		1607		3	0	1	3	5	/	20	
108	33.557		28.064		3040		3	0	2	3	5	/	23	
109	47.321		24.414		1673		3	0	2	4	5	/	24	
110	-6.61		-30.157		400		1	0	4	/	4	
111	12.103		23.84		67		3	0	1	/	1	
112	-61.963		26.239		2250		2	0	3	/	3	
113	23.877		9.808		3067		3	0	1	2	3	/	16	
114	49.78		6.866		2250		2	0	3	/	3	
115	-53.021		-21.484		67		3	0	1	/	1	
116	54.962		2.985		1607		3	0	1	3	5	/	20	
117	4.865		-69.586		1633		3	0	2	4	/	11	
118	33.948		45.209		200		3	0	1	4	/	8	
119	-32.166		-23.621		520		1	0	4	5	/	15	
120	-17.548		-46.765		1607		3	0	1	2	5	/	18	
121	31.744		33.972		3040		3	0	2	3	5	/	23	
122	45.374		22.131		3000		3	0	2	3	/	10	
123	-5.219		-23.114		400		1	0	4	/	4	
124	-51.056		-46.545		240		3	0	1	4	5	/	21	
125	11.774		11.133		2250		2	0	3	/	3	
126	-39.758		-13.019		1500		3	0	2	/	2	
127	27.93		29.321		1500		3	0	2	/	2	
128	33.74		66.595		240		3	0	1	4	5	/	21	
129	-91.815		29.858		2510		2	0	3	4	5	/	25	
130	-24.628		-68.701		1700		3	0	1	3	4	/	19	
131	44.659		20.465		400		1	0	4	/	4	
132	45.447		-21.069		2310		2	0	3	5	/	14	
133	-37.366		-12.097		1607		3	0	1	3	5	/	20	
134	41.998		0.153		1500		3	0	2	/	2	
135	-42.822		-30.17		120		1	0	5	/	5	
136	34.906		-4.578		120		1	0	5	/	5	
137	-65.137		-43.079		1633		3	0	2	4	/	11	
138	20.27		-4.999		2450		2	0	3	4	/	13	
139	-36.731		-8.929		1607		3	0	1	3	5	/	20	
140	-26.984		-19.568		1500		3	0	2	/	2	
141	-31.299		-83.813		1567		3	0	1	2	/	6	
142	-26.794		12.506		1607		3	0	1	2	5	/	18	
143	-39.362		-58.521		200		3	0	1	4	/	8	
144	-34.369		0.61		240		3	0	1	4	5	/	21	
145	43.372		4.187		1607		3	0	1	2	5	/	18	
146	-38.226		-9.448		200		3	0	1	4	/	8	
147	-25.61		-99.237		2310		2	0	3	5	/	14	
148	48.059		29.517		240		3	0	1	4	5	/	21	
149	-43.628		-32.318		67		3	0	1	/	1	
150	-16.602		-29.327		520		1	0	4	5	/	15	
151	-29.81		-12.408		240		3	0	1	4	5	/	21	
152	-51.91		-28.711		2450		2	0	3	4	/	13	
153	-1.801		-18.671		2510		2	0	3	4	5	/	25	
154	18.738		21.399		2250		2	0	3	/	3	
155	60.12		7.788		2510		2	0	3	4	5	/	25	
156	43.079		42.017		1607		3	0	1	3	5	/	20	
157	-39.435		-5.902		1607		3	0	1	3	5	/	20	
158	-35.889		-16.034		200		3	0	1	4	/	8	
159	-41.827		38.995		1567		3	0	1	2	/	6	
160	84.497		29.822		200		3	0	1	4	/	8	
161	-17.56		-10.48		3000		3	0	2	3	/	10	
162	-48.383		-48.92		3133		3	0	2	3	4	/	22	
163	-49.335		-17.969		520		1	0	4	5	/	15	
164	16.095		-2.49		67		3	0	1	/	1	
165	65.527		14.026		2250		2	0	3	/	3	
166	-2.93		13.22		3040		3	0	2	3	5	/	23	
167	-18.768		-23.663		1567		3	0	1	3	/	7	
168	-91.095		-80.737		1633		3	0	2	4	/	11	
169	-21.088		-13.293		3040		3	0	2	3	5	/	23	
170	46.985		17.224		67		3	0	1	/	1	
171	-61.957		-33.038		3133		3	0	2	3	4	/	22	
172	-9.003		-25.452		400		1	0	4	/	4	
173	33.661		-7.666		200		3	0	1	4	/	8	
174	-25.592		-10.84		200		3	0	1	4	/	8	
175	36.56		-2.441		3040		3	0	2	3	5	/	23	
176	7.141		24.817		3000		3	0	2	3	/	10	
177	-43.17		-30.487		1607		3	0	1	2	5	/	18	
178	-21.228		0.751		520		1	0	4	5	/	15	
179	19.696		10.767		2510		2	0	3	4	5	/	25	
180	-6.494		-29.425		3000		3	0	2	3	/	10	
181	54.388		8.63		107		3	0	1	5	/	9	
182	64.203		77.612		2510		2	0	3	4	5	/	25	
183	40.381		1.611		1540		3	0	2	5	/	12	
184	-41.711		-5.133		240		3	0	1	4	5	/	21	
185	74.274		-19.922		67		3	0	1	/	1	
186	-73.999		-54.626		2250		2	0	3	/	3	
187	29.706		15.454		67		3	0	1	/	1	
188	23.785		12.177		1500		3	0	2	/	2	
189	42.578		45.325		2250		2	0	3	/	3	
190	-16.73		-16.559		2450		2	0	3	4	/	13	
191	-14.697		-0.116		2510		2	0	3	4	5	/	25	
192	-19.769		8.392		67		3	0	1	/	1	
193	-30.267		14.893		67		3	0	1	/	1	
194	-63.116		-67.462		200		3	0	1	4	/	8	
195	86.029		38.916		1500		3	0	2	/	2	
196	79.48		-24.866		120		1	0	5	/	5	
197	35.144		14.734		1673		3	0	2	4	5	/	24	
198	-49.365		-9.052		1567		3	0	1	3	/	7	
199	-49.475		-17.578		1540		3	0	2	5	/	12	
200	57.501		16.327		120		1	0	5	/	5	
201	54.889		12.024		3067		3	0	1	2	3	/	16	
202	-53.027		-33.179		3067		3	0	1	2	3	/	16	
203	-0.415		16.644		1540		3	0	2	5	/	12	
204	21.594		16.144		67		3	0	1	/	1	
205	-46.924		-49.261		120		1	0	5	/	5	
206	18.457		19.733		1607		3	0	1	3	5	/	20	
207	35.822		19.763		120		1	0	5	/	5	
208	71.869		29.034		1500		3	0	2	/	2	
209	-56.378		-42.755		200		3	0	1	4	/	8	
210	-25.8		25.159		1567		3	0	1	2	/	6	
211	-5.676		33.85		107		3	0	1	5	/	9	
212	54.041		-5.292		1607		3	0	1	2	5	/	18	
213	-63.074		27.38		1633		3	0	2	4	/	11	
214	-16.864		-49.768		120		1	0	5	/	5	
215	47.919		13.629		67		3	0	1	/	1	
216	-10.724		-2.075		1500		3	0	2	/	2	
217	-70.3467		-87.1105		-1		-1	1	/	0	
218	-40.6524		35.8533		-1		-1	1	/	0	
219	58.3664		38.4087		-1		-1	1	/	0	
220	-55.1541		-30.6217		-1		-1	1	/	0	
221	-2.14604		79.3978		-1		-1	1	/	0	
222	32.8818		-25.8503		-1		-1	1	/	0	
223	-5.96704		-39.4736		-1		-1	1	/	0	
224	5.41381		-72.7089		-1		-1	1	/	0	
225	-15.2147		-23.0979		-1		-1	1	/	0	
226	30.0614		-50.6817		-1		-1	1	/	0	
227	-43.7685		-17.1003		-1		-1	1	/	0	
228	-87.623		-63.6116		-1		-1	1	/	0	
229	-68.4457		-3.20223		-1		-1	1	/	0	
230	49.5167		2.2013		-1		-1	1	/	0	
231	-2.11276		-89.7932		-1		-1	1	/	0	
232	28.8871		37.3821		-1		-1	1	/	0	
233	85.3415		-54.9933		-1		-1	1	/	0	
234	-76.466		-74.2917		-1		-1	1	/	0	
235	1.89684		-49.021		-1		-1	1	/	0	
236	20.486		-76.282		-1		-1	1	/	0	
237	81.6785		-16.7472		-1		-1	1	/	0	
238	31.142		-78.6018		-1		-1	1	/	0	
239	77.2334		-55.3209		-1		-1	1	/	0	
240	-32.0126		34.2809		-1		-1	1	/	0	
241	-80.6144		-6.91806		-1		-1	1	/	0	
242	27.3811		-17.0799		-1		-1	1	/	0	
243	-68.8098		16.0376		-1		-1	1	/	0	
244	79.419		-46.3537		-1		-1	1	/	0	
245	52.262		49.3039		-1		-1	1	/	0	
246	15.3442		63.8151		-1		-1	1	/	0	
247	72.1559		-30.4386		-1		-1	1	/	0	
