288	43	180000	18000
5
0	-14.367		-20.34		-1		-1	1	/	0	
1	12.805		1.886		1700		3	0	1	2	4	/	17	
2	18.213		1.373		67		3	0	1	/	1	
3	57.947		-48.779		1607		3	0	1	3	5	/	20	
4	-52.429		-84.088		120		1	0	5	/	5	
5	60.797		-32.593		1607		3	0	1	2	5	/	18	
6	23.151		4.205		520		1	0	4	5	/	15	
7	25.385		22.986		400		1	0	4	/	4	
8	25.513		-52.985		1500		3	0	2	/	2	
9	-49.261		-41.718		240		3	0	1	4	5	/	21	
10	-37.561		-41.73		240		3	0	1	4	5	/	21	
11	-14.52		48.962		1633		3	0	2	4	/	11	
12	41.229		-24.5		2310		2	0	3	5	/	14	
13	-21.863		0.916		1540		3	0	2	5	/	12	
14	-48.181		-16.284		240		3	0	1	4	5	/	21	
15	-7.776		44.348		3000		3	0	2	3	/	10	
16	20.801		10.76		3040		3	0	2	3	5	/	23	
17	-29.712		-46.326		1540		3	0	2	5	/	12	
18	-20.203		-59.564		520		1	0	4	5	/	15	
19	-87.079		-52.899		1607		3	0	1	2	5	/	18	
20	3.046		-6.305		1500		3	0	2	/	2	
21	11.865		5.261		1700		3	0	1	3	4	/	19	
22	-24.072		-55.927		1500		3	0	2	/	2	
23	-22.803		5.658		67		3	0	1	/	1	
24	-51.904		9.412		1700		3	0	1	2	4	/	17	
25	12.732		-40.967		1673		3	0	2	4	5	/	24	
26	-30.988		7.654		2310		2	0	3	5	/	14	
27	37.512		0.458		1567		3	0	1	3	/	7	
28	2.954		-8.563		107		3	0	1	5	/	9	
29	0.549		3.644		1567		3	0	1	3	/	7	
30	-52.484		9.711		400		1	0	4	/	4	
31	33.936		-48.718		1607		3	0	1	2	5	/	18	
32	-13.129		-53.601		2250		2	0	3	/	3	
33	-99.591		23.303		2250		2	0	3	/	3	
34	6.439		-3.516		120		1	0	5	/	5	
35	-14.032		-19.818		2310		2	0	3	5	/	14	
36	-24.677		16.608		3133		3	0	2	3	4	/	22	
37	-10.26		-81.769		1500		3	0	2	/	2	
38	35.858		5.597		2510		2	0	3	4	5	/	25	
39	-11.603		42.908		1673		3	0	2	4	5	/	24	
40	-34.662		-15.466		1607		3	0	1	3	5	/	20	
41	66.852		1.135		1567		3	0	1	3	/	7	
42	6.866		-1.416		3040		3	0	2	3	5	/	23	
43	1.66		-2.234		1700		3	0	1	3	4	/	19	
44	37.561		11.45		1500		3	0	2	/	2	
45	51.672		-26.343		107		3	0	1	5	/	9	
46	19.025		-10.889		2250		2	0	3	/	3	
47	-37.982		-6.36		2250		2	0	3	/	3	
48	-56.537		-42.334		3133		3	0	2	3	4	/	22	
49	1.099		-14.624		1540		3	0	2	5	/	12	
50	-56.238		-3.076		1700		3	0	1	2	4	/	17	
51	-23.669		-15.289		1673		3	0	2	4	5	/	24	
52	-34.277		-1.41		1700		3	0	1	3	4	/	19	
53	-64.178		63.812		2250		2	0	3	/	3	
54	-47.083		-20.386		3067		3	0	1	2	3	/	16	
55	-33.71		8.38		2510		2	0	3	4	5	/	25	
56	34.29		26.031		67		3	0	1	/	1	
57	-38.861		42.114		2510		2	0	3	4	5	/	25	
58	-92.731		44.885		107		3	0	1	5	/	9	
59	23.633		27.643		1607		3	0	1	2	5	/	18	
60	-67.139		-67.078		3067		3	0	1	2	3	/	16	
61	25.726		-25.836		120		1	0	5	/	5	
62	-40.985		-16.895		2310		2	0	3	5	/	14	
63	77.008		-6.097		2450		2	0	3	4	/	13	
64	-54.81		-1.935		1607		3	0	1	2	5	/	18	
65	-53.943		-29.663		2450		2	0	3	4	/	13	
66	16.089		-27.887		2450		2	0	3	4	/	13	
67	-59.436		36.487		1607		3	0	1	2	5	/	18	
68	34.473		25.391		3133		3	0	2	3	4	/	22	
69	-9.283		-6.689		400		1	0	4	/	4	
70	-85.559		-20.477		1607		3	0	1	3	5	/	20	
71	29.523		18.347		3040		3	0	2	3	5	/	23	
72	27.814		6.512		1607		3	0	1	3	5	/	20	
73	42.151		-25.58		2310		2	0	3	5	/	14	
74	82.202		85.828		120		1	0	5	/	5	
75	-47.766		-35.59		1540		3	0	2	5	/	12	
76	22.015		-20.349		107		3	0	1	5	/	9	
77	-55.756		-33.49		1607		3	0	1	2	5	/	18	
78	62.006		-1.453		3133		3	0	2	3	4	/	22	
79	25.549		-3.796		1633		3	0	2	4	/	11	
80	-43.372		-7.379		3133		3	0	2	3	4	/	22	
81	60.297		52.637		67		3	0	1	/	1	
82	-96.155		34.1		2310		2	0	3	5	/	14	
83	-32.806		-3.845		67		3	0	1	/	1	
84	-47.827		-45.203		67		3	0	1	/	1	
85	-31.128		-93.848		1607		3	0	1	2	5	/	18	
86	-17.01		-21.857		1633		3	0	2	4	/	11	
87	-8.386		-2.264		3067		3	0	1	2	3	/	16	
88	35.834		13.147		1500		3	0	2	/	2	
89	29.315		54.468		1607		3	0	1	3	5	/	20	
90	48.352		-8.783		520		1	0	4	5	/	15	
91	-2.93		27.039		1607		3	0	1	3	5	/	20	
92	-16.62		-55.389		1673		3	0	2	4	5	/	24	
93	-40.851		-47.742		120		1	0	5	/	5	
94	-12.878		-2.039		67		3	0	1	/	1	
95	-51.776		7.281		520		1	0	4	5	/	15	
96	-32.922		23.828		67		3	0	1	/	1	
97	13.983		-34.521		2250		2	0	3	/	3	
98	-35.834		-23.834		1500		3	0	2	/	2	
99	91.858		5.542		120		1	0	5	/	5	
100	-28.442		-34.18		2510		2	0	3	4	5	/	25	
101	33.844		27.875		67		3	0	1	/	1	
102	98.431		31.348		3040		3	0	2	3	5	/	23	
103	-57.751		-27.753		2250		2	0	3	/	3	
104	-43.89		13.007		1540		3	0	2	5	/	12	
105	37.585		49.768		1700		3	0	1	3	4	/	19	
106	-3.687		7.373		2310		2	0	3	5	/	14	
107	-98.242		61.658		1673		3	0	2	4	5	/	24	
108	-23.56		-32.52		200		3	0	1	4	/	8	
109	22.98		-18.109		107		3	0	1	5	/	9	
110	43.915		-2.985		2510		2	0	3	4	5	/	25	
111	71.509		11.652		67		3	0	1	/	1	
112	-43.011		-38.702		2510		2	0	3	4	5	/	25	
113	-83.954		2.179		2250		2	0	3	/	3	
114	11.09		-40.942		200		3	0	1	4	/	8	
115	27.173		-13.33		1607		3	0	1	3	5	/	20	
116	-86.102		-59.808		120		1	0	5	/	5	
117	-22.345		-78.278		3040		3	0	2	3	5	/	23	
118	-38.727		-33.588		2250		2	0	3	/	3	
119	-1.227		-28.668		2450		2	0	3	4	/	13	
120	81.329		-44.244		200		3	0	1	4	/	8	
121	51.904		19.891		1633		3	0	2	4	/	11	
122	-34.973		-27.856		120		1	0	5	/	5	
123	-51.483		-23.248		1540		3	0	2	5	/	12	
124	-0.647		-46.057		1567		3	0	1	2	/	6	
125	68.219		-66.986		1607		3	0	1	2	5	/	18	
126	-15.149		-25.482		120		1	0	5	/	5	
127	22.412		-34.375		1607		3	0	1	2	5	/	18	
128	36.176		-10.431		2250		2	0	3	/	3	
129	-23.639		-47.681		1700		3	0	1	3	4	/	19	
130	-14.722		32.684		1607		3	0	1	3	5	/	20	
131	16.821		-12.72		3000		3	0	2	3	/	10	
132	93.378		23.004		120		1	0	5	/	5	
133	40.344		-24.176		2310		2	0	3	5	/	14	
134	5.53		-4.901		1500		3	0	2	/	2	
135	-78.015		1.27		107		3	0	1	5	/	9	
136	51.569		-45.673		400		1	0	4	/	4	
137	49.249		-30.896		1700		3	0	1	3	4	/	19	
138	-62.195		-21.399		2250		2	0	3	/	3	
139	-5.048		7.306		400		1	0	4	/	4	
140	1.727		-70.221		3000		3	0	2	3	/	10	
141	1.361		-3.564		1567		3	0	1	3	/	7	
142	-15.521		16.425		1607		3	0	1	2	5	/	18	
143	-31.604		-60.938		1500		3	0	2	/	2	
144	-46.997		-55.56		120		1	0	5	/	5	
145	2.301		5.536		3000		3	0	2	3	/	10	
146	-30.328		-0.58		2450		2	0	3	4	/	13	
147	-16.821		17.664		520		1	0	4	5	/	15	
148	52.655		29.034		120		1	0	5	/	5	
149	-11.993		-83.771		1500		3	0	2	/	2	
150	41.632		43.048		120		1	0	5	/	5	
151	8.508		-2.539		240		3	0	1	4	5	/	21	
152	31.512		-8.978		1567		3	0	1	3	/	7	
153	-3.339		-36.243		3067		3	0	1	2	3	/	16	
154	-26.379		13.776		3000		3	0	2	3	/	10	
155	28.43		10.571		400		1	0	4	/	4	
156	5.975		27.289		1567		3	0	1	2	/	6	
157	-32.135		-45.068		67		3	0	1	/	1	
158	31.097		-7.916		2310		2	0	3	5	/	14	
159	28.198		-29.755		107		3	0	1	5	/	9	
160	-39.612		-33.594		1700		3	0	1	2	4	/	17	
161	-19.22		-5.133		67		3	0	1	/	1	
162	-10.114		69.977		3067		3	0	1	2	3	/	16	
163	22.894		-44.348		1633		3	0	2	4	/	11	
164	-34.741		0.58		1607		3	0	1	3	5	/	20	
165	-44.952		-77.734		3067		3	0	1	2	3	/	16	
166	-23.749		-56.012		520		1	0	4	5	/	15	
167	69.073		-97.125		1567		3	0	1	3	/	7	
168	12.17		-59.869		200		3	0	1	4	/	8	
169	47.339		17.365		120		1	0	5	/	5	
170	-4.706		14.056		107		3	0	1	5	/	9	
171	-52.374		-50.244		2450		2	0	3	4	/	13	
172	39.215		-29.773		2510		2	0	3	4	5	/	25	
173	-42.316		-60.602		67		3	0	1	/	1	
174	19.135		41.15		1673		3	0	2	4	5	/	24	
175	-54.706		-17.596		67		3	0	1	/	1	
176	11.737		-83.173		1567		3	0	1	2	/	6	
177	-40.582		-53.247		120		1	0	5	/	5	
178	-6.421		21.967		1700		3	0	1	3	4	/	19	
179	-31.268		-34.613		1673		3	0	2	4	5	/	24	
180	-3.668		-26.868		3000		3	0	2	3	/	10	
181	13.409		-22.302		200		3	0	1	4	/	8	
182	-95.892		-86.322		3040		3	0	2	3	5	/	23	
183	88.983		-53.387		240		3	0	1	4	5	/	21	
184	-55.048		-32.538		67		3	0	1	/	1	
185	27.85		-10.028		1607		3	0	1	2	5	/	18	
186	40.918		-36.09		3040		3	0	2	3	5	/	23	
187	-58.35		15.814		67		3	0	1	/	1	
188	-52.161		-74.725		1540		3	0	2	5	/	12	
189	-66.772		-34.943		1633		3	0	2	4	/	11	
190	-33.374		-62.024		1567		3	0	1	2	/	6	
191	-8.649		31.708		1567		3	0	1	2	/	6	
192	-26.166		-56.152		107		3	0	1	5	/	9	
193	-39.874		-53.375		3067		3	0	1	2	3	/	16	
194	71.643		-36.981		2510		2	0	3	4	5	/	25	
195	-96.924		8.411		3067		3	0	1	2	3	/	16	
196	-2.911		36.2		1673		3	0	2	4	5	/	24	
197	-53.253		14.099		240		3	0	1	4	5	/	21	
198	67.316		-39.734		1700		3	0	1	2	4	/	17	
199	-6.525		11.975		2250		2	0	3	/	3	
200	16.425		33.221		2250		2	0	3	/	3	
201	-19.061		-56.921		3040		3	0	2	3	5	/	23	
202	25.189		-21.045		107		3	0	1	5	/	9	
203	37.854		-5.524		67		3	0	1	/	1	
204	-16.479		48.657		240		3	0	1	4	5	/	21	
205	2.344		-16.516		2450		2	0	3	4	/	13	
206	-48.621		-12.39		240		3	0	1	4	5	/	21	
207	-42.621		-50.006		107		3	0	1	5	/	9	
208	16.016		11.169		67		3	0	1	/	1	
209	-80.408		-60.583		2250		2	0	3	/	3	
210	-95.068		44.293		2250		2	0	3	/	3	
211	-6.885		24.884		1540		3	0	2	5	/	12	
212	-4.803		21.674		1567		3	0	1	2	/	6	
213	7.037		-45.337		1567		3	0	1	2	/	6	
214	31.293		-39.905		1700		3	0	1	2	4	/	17	
215	14.984		26.172		1673		3	0	2	4	5	/	24	
216	33.203		-52.289		1500		3	0	2	/	2	
217	-59.277		39.667		2510		2	0	3	4	5	/	25	
218	30.054		-36.823		67		3	0	1	/	1	
219	9.351		-39.044		3067		3	0	1	2	3	/	16	
220	-10.651		54.431		3133		3	0	2	3	4	/	22	
221	20.856		-26.465		1567		3	0	1	3	/	7	
222	19.617		17.865		3133		3	0	2	3	4	/	22	
223	-36.981		-92.95		1633		3	0	2	4	/	11	
224	-3.76		59.875		1607		3	0	1	2	5	/	18	
225	11.682		-63.336		1540		3	0	2	5	/	12	
226	4.468		-36.133		1500		3	0	2	/	2	
227	47.04		-41.254		400		1	0	4	/	4	
228	29.938		-58.71		3067		3	0	1	2	3	/	16	
229	-70.569		-7.037		1540		3	0	2	5	/	12	
230	56.262		1.819		1500		3	0	2	/	2	
231	46.21		-53.522		2250		2	0	3	/	3	
232	6.366		-14.264		1567		3	0	1	2	/	6	
233	-34.54		-39.502		1540		3	0	2	5	/	12	
234	-50.537		28.357		1607		3	0	1	3	5	/	20	
235	-61.444		-10.901		2250		2	0	3	/	3	
236	-30.823		17.902		200		3	0	1	4	/	8	
237	49.658		24.469		3000		3	0	2	3	/	10	
238	-69.775		-41.406		67		3	0	1	/	1	
239	-18.939		57.69		240		3	0	1	4	5	/	21	
240	-22.449		15.771		200		3	0	1	4	/	8	
241	-7.599		37.03		2250		2	0	3	/	3	
242	27.435		17.554		3133		3	0	2	3	4	/	22	
243	45.526		-5.127		200		3	0	1	4	/	8	
244	-33.551		-25.586		3067		3	0	1	2	3	/	16	
245	-4.645		53.754		1567		3	0	1	2	/	6	
246	-41.119		-13.361		1540		3	0	2	5	/	12	
247	23.01		-45.703		2250		2	0	3	/	3	
248	17.23		5.096		2510		2	0	3	4	5	/	25	
249	-6.818		-19.873		520		1	0	4	5	/	15	
250	52.966		51.41		1633		3	0	2	4	/	11	
251	-28.662		-50.94		1607		3	0	1	3	5	/	20	
252	69.684		-51.52		2450		2	0	3	4	/	13	
253	36.884		-17.371		1700		3	0	1	3	4	/	19	
254	-19.659		42.035		1567		3	0	1	2	/	6	
255	72.125		65.405		1607		3	0	1	2	5	/	18	
256	-71.368		59.863		107		3	0	1	5	/	9	
257	18.317		-37.75		1567		3	0	1	3	/	7	
258	18.121		0.482		1673		3	0	2	4	5	/	24	
259	-1.105		-30.676		400		1	0	4	/	4	
260	-44.574		-44.055		240		3	0	1	4	5	/	21	
261	-28.058		-59.436		67		3	0	1	/	1	
262	-7.953		4.639		400		1	0	4	/	4	
263	-37.366		-28.528		2250		2	0	3	/	3	
264	4.388		-38.489		120		1	0	5	/	5	
265	-44.592		-35.333		1607		3	0	1	3	5	/	20	
266	-56.714		-39.252		1500		3	0	2	/	2	
267	13.452		-32.159		2450		2	0	3	4	/	13	
268	-20.343		-11.182		1500		3	0	2	/	2	
269	3.436		-52.734		1540		3	0	2	5	/	12	
270	40.576		-54.492		3040		3	0	2	3	5	/	23	
271	31.952		-25.421		1567		3	0	1	3	/	7	
272	-57.434		38.525		1607		3	0	1	3	5	/	20	
273	47.51		-42.035		2250		2	0	3	/	3	
274	-28.143		-41.614		200		3	0	1	4	/	8	
275	-2.258		-5.078		520		1	0	4	5	/	15	
276	-27.167		-27.936		120		1	0	5	/	5	
277	-24.048		-47.192		3133		3	0	2	3	4	/	22	
278	-77.521		-55.084		2310		2	0	3	5	/	14	
279	-62.036		-43.439		3000		3	0	2	3	/	10	
280	-71.936		-20.16		3040		3	0	2	3	5	/	23	
281	-66.504		-39.789		2310		2	0	3	5	/	14	
282	14.587		48.444		67		3	0	1	/	1	
283	31.366		-29.462		3040		3	0	2	3	5	/	23	
284	6.512		-46.124		1700		3	0	1	2	4	/	17	
285	9.65		39.508		1500		3	0	2	/	2	
286	16.04		16.681		107		3	0	1	5	/	9	
287	7.745		-75.378		1633		3	0	2	4	/	11	
288	-27.173		-4.462		520		1	0	4	5	/	15	
289	-49.8765		-92.1076		-1		-1	1	/	0	
290	93.4968		-67.5555		-1		-1	1	/	0	
291	56.061		71.5608		-1		-1	1	/	0	
292	-92.29		-82.2312		-1		-1	1	/	0	
293	-66.5456		-96.5224		-1		-1	1	/	0	
294	93.3155		-33.9847		-1		-1	1	/	0	
295	54.58		31.9758		-1		-1	1	/	0	
296	57.0683		3.59193		-1		-1	1	/	0	
297	89.928		44.0636		-1		-1	1	/	0	
298	-70.5767		76.2264		-1		-1	1	/	0	
299	34.3365		-69.5741		-1		-1	1	/	0	
300	45.8865		-23.9895		-1		-1	1	/	0	
301	3.0479		4.37409		-1		-1	1	/	0	
302	-23.0774		-47.2199		-1		-1	1	/	0	
303	43.6324		-83.9309		-1		-1	1	/	0	
304	-30.3598		-7.97408		-1		-1	1	/	0	
305	-43.5159		47.631		-1		-1	1	/	0	
306	-85.5886		35.5594		-1		-1	1	/	0	
307	-54.299		41.2612		-1		-1	1	/	0	
308	97.1628		-5.2829		-1		-1	1	/	0	
309	-8.87042		-84.2823		-1		-1	1	/	0	
310	-96.2042		-49.0433		-1		-1	1	/	0	
311	85.0158		49.6457		-1		-1	1	/	0	
312	1.26661		-95.7744		-1		-1	1	/	0	
313	-43.7777		-78.3701		-1		-1	1	/	0	
314	50.8987		-15.529		-1		-1	1	/	0	
315	13.2596		-57.9776		-1		-1	1	/	0	
316	-11.9385		-70.1298		-1		-1	1	/	0	
317	62.6247		61.7889		-1		-1	1	/	0	
318	94.0244		10.2351		-1		-1	1	/	0	
319	-65.0431		-2.09239		-1		-1	1	/	0	
320	-61.9094		60.8021		-1		-1	1	/	0	
321	5.90605		83.109		-1		-1	1	/	0	
322	-55.6797		-59.0539		-1		-1	1	/	0	
323	-27.1738		-1.55425		-1		-1	1	/	0	
324	-75.4893		29.309		-1		-1	1	/	0	
325	94.7154		69.5438		-1		-1	1	/	0	
326	-36.7344		-73.5401		-1		-1	1	/	0	
327	-42.8758		-95.9121		-1		-1	1	/	0	
328	28.7533		67.5555		-1		-1	1	/	0	
329	-20.5972		79.8		-1		-1	1	/	0	
330	22.9515		24.4173		-1		-1	1	/	0	
